-0.24448
-0.42407
-0.38101
-0.50943
-0.43729
-0.10162
0.21866
0.39941
0.22391
0.05078
-0.26685
-0.45752
-0.36261
-0.27310
0.00687
0.12485
0.40826
0.62680
0.53574
0.44962
0.23306
0.11682
-0.21906
-0.38449
-0.20609
-0.14597
0.09921
0.29556
0.33163
0.27667
0.02023
-0.10410
-0.28653
-0.39520
-0.37708
-0.55627
-0.35129
-0.01453
0.31912
0.35632
0.16589
-0.00397
-0.33517
-0.43698
-0.34372
-0.20099
0.00751
0.15720
0.53088
0.60840
0.50439
0.38248
0.24399
0.05368
-0.31009
-0.30530
-0.20865
-0.11365
0.19034
0.33505
0.32755
0.22888
-0.00015
-0.16040
-0.34161
-0.37256
-0.42163
-0.56171
-0.29718
0.04904
0.34567
0.34198
0.16696
-0.04730
-0.41171
-0.43259
-0.36728
-0.18842
0.05133
0.22818
0.59326
0.54776
0.49408
0.36490
0.19965
-0.00394
-0.37140
-0.29254
-0.19910
-0.05801
0.24161
0.30429
0.36859
0.19370
-0.05310
-0.17566
-0.40268
-0.35666
-0.48431
-0.50513
-0.22394
0.12985
0.42566
0.28467
0.13901
-0.16321
-0.41086
-0.38541
-0.35419
-0.09467
0.07797
0.33170
0.60117
0.53470
0.51230
0.28995
0.18616
-0.10092
-0.39862
-0.26181
-0.22556
0.00638
0.27304
0.34482
0.31223
0.10916
-0.07074
-0.24664
-0.36212
-0.40439
-0.56036
-0.47888
-0.17480
0.21774
0.38925
0.26218
0.11136
-0.21814
-0.42453
-0.38452
-0.28937
-0.03284
0.09601
0.39816
0.61423
0.54752
0.49258
0.25211
0.13742
-0.19287
-0.35431
-0.24536
-0.16949
0.08728
0.27811
0.36581
0.29355
0.02145
-0.13889
-0.28156
-0.36530
-0.36633
-0.54361
-0.44144
-0.09433
0.27890
0.37247
0.24103
0.09213
-0.29849
-0.44382
-0.37415
-0.23599
-0.01096
0.13077
0.48318
0.61826
0.55093
0.43314
0.25763
0.10150
-0.27148
-0.33572
-0.23026
-0.14575
0.13730
0.32550
0.34555
0.28061
0.01184
-0.13989
-0.30634
-0.36877
-0.40710
-0.57220
-0.37073
-0.01520
0.32294
0.36230
0.19653
-0.04095
-0.36633
-0.45001
-0.37677
-0.17642
0.05164
0.22168
0.53076
0.59293
0.49365
0.37994
0.25363
0.00372
-0.33667
-0.27216
-0.18677
-0.11096
0.19638
0.34784
0.34680
0.22552
-0.04611
-0.18167
-0.36981
-0.35876
-0.44489
-0.55240
-0.26126
0.05649
0.38684
0.33640
0.16965
-0.09601
-0.41187
-0.42923
-0.38800
-0.12686
0.10269
0.23267
0.54218
0.57947
0.52362
0.33853
0.19098
-0.01755
-0.38712
-0.25534
-0.19199
-0.07477
0.24771
0.34061
0.34860
0.13773
-0.09546
-0.23645
-0.38840
-0.32962
-0.49002
-0.52411
-0.19565
0.17697
0.40948
0.25882
0.11902
-0.18649
-0.46008
-0.38284
-0.30664
-0.05341
0.08112
0.35623
0.66415
0.53983
0.49747
0.29736
0.18793
-0.13803
-0.36569
-0.21875
-0.22131
0.03976
0.28439
0.33792
0.29279
0.08551
-0.11288
-0.28058
-0.35532
-0.36737
-0.53217
-0.48108
-0.11575
0.24969
0.39169
0.27667
0.08771
-0.24982
-0.44669
-0.39639
-0.30060
-0.00534
0.13049
0.40643
0.58069
0.49762
0.44952
0.27277
0.15930
-0.20129
-0.34982
-0.22339
-0.16046
0.08633
0.30057
0.33209
0.27051
0.02847
-0.13174
-0.25546
-0.37042
-0.38943
-0.56458
-0.38647
-0.04041
0.25873
0.37512
0.21509
0.06339
-0.30502
-0.43805
-0.37549
-0.26337
0.07483
0.17245
0.46844
0.59079
0.51776
0.43338
0.21487
0.08032
-0.29840
-0.31079
-0.17584
-0.14160
0.14255
0.34561
0.35870
0.21085
-0.00916
-0.15500
-0.38034
-0.34341
-0.40973
-0.59872
-0.34399
0.03967
0.33578
0.34250
0.21857
-0.03867
-0.40396
-0.42743
-0.36343
-0.15280
0.08002
0.21515
0.54059
0.58200
0.51016
0.35834
0.21432
0.02060
-0.35046
-0.25867
-0.20096
-0.10455
0.20691
0.32651
0.34656
0.14508
-0.04938
-0.21167
-0.33768
-0.33435
-0.49612
-0.56357
-0.26450
0.13657
0.36539
0.29608
0.15729
-0.10059
-0.40527
-0.41754
-0.33142
-0.07928
0.08984
0.29984
0.59952
0.53238
0.50906
0.33145
0.19608
-0.06052
-0.36526
-0.21802
-0.20084
-0.01709
0.24713
0.38586
0.33640
0.08221
-0.07892
-0.21912
-0.37009
-0.35797
-0.51730
-0.52295
-0.19336
0.19647
0.36261
0.25702
0.12466
-0.20956
-0.46600
-0.42780
-0.29630
-0.04309
0.09906
0.38058
0.57349
0.54968
0.48538
0.27173
0.17670
-0.15491
-0.35141
-0.21579
-0.17023
0.03247
0.31146
0.37595
0.28571
0.07132
-0.06760
-0.23126
-0.38751
-0.36938
-0.56235
-0.47830
-0.08661
0.23914
0.38535
0.24774
0.08481
-0.25031
-0.42474
-0.36700
-0.24515
0.00281
0.07928
0.40549
0.61237
0.51746
0.43250
0.26913
0.10037
-0.25140
-0.33517
-0.21313
-0.16312
0.11560
0.29358
0.37024
0.26575
0.02298
-0.11234
-0.31323
-0.36957
-0.38242
-0.57718
-0.42133
-0.00534
0.33517
0.35687
0.21884
0.02686
-0.30136
-0.43445
-0.34171
-0.20541
0.00974
0.18198
0.50000
0.61102
0.48694
0.38864
0.23026
0.06339
-0.30359
-0.32104
-0.19431
-0.13644
0.17514
0.32751
0.33838
0.21622
-0.01755
-0.14957
-0.32483
-0.33243
-0.43442
-0.60019
-0.30469
0.04761
0.34979
0.31314
0.15540
-0.05069
-0.42041
-0.41855
-0.32730
-0.12292
0.07458
0.22083
0.56604
0.57474
0.51413
0.34341
0.20242
0.00058
-0.37448
-0.26147
-0.20706
-0.07919
0.23456
0.36270
0.34378
0.16846
-0.04654
-0.17465
-0.36646
-0.36435
-0.50671
-0.59995
-0.25623
0.11227
0.36728
0.29382
0.14795
-0.11652
-0.43811
-0.39459
-0.29355
-0.08850
0.06335
0.26617
0.60922
0.55905
0.49881
0.32275
0.17960
-0.06958
-0.37244
-0.23322
-0.24725
-0.03412
0.25702
0.35269
0.34601
0.10022
-0.07535
-0.18771
-0.31998
-0.34326
-0.51837
-0.51273
-0.19714
0.19919
0.38663
0.21866
0.12476
-0.19012
-0.45251
-0.33975
-0.26108
-0.03445
0.07578
0.37448
0.61853
0.52145
0.44409
0.21338
0.15808
-0.16858
-0.35074
-0.21396
-0.22638
0.05304
0.27188
0.34158
0.25150
0.04742
-0.07410
-0.26471
-0.31549
-0.36096
-0.57050
-0.46518
-0.08698
0.26044
0.33432
0.26541
0.06970
-0.25867
-0.43649
-0.39551
-0.24188
0.02011
0.16409
0.42627
0.57880
0.54813
0.44662
0.25052
0.12433
-0.24414
-0.31393
-0.20145
-0.17499
0.09525
0.30542
0.33633
0.23773
0.02777
-0.11887
-0.27652
-0.34955
-0.39746
-0.58978
-0.36731
-0.01935
0.28516
0.35571
0.18527
0.00363
-0.35507
-0.45026
-0.33893
-0.16446
0.05612
0.13394
0.54343
0.58624
0.50308
0.40454
0.22751
0.06961
-0.32306
-0.28372
-0.20258
-0.13293
0.15558
0.33908
0.38126
0.15836
-0.02902
-0.15439
-0.32669
-0.33542
-0.44516
-0.58853
-0.29993
0.08200
0.33789
0.34882
0.18594
-0.09839
-0.40164
-0.40686
-0.32428
-0.13953
0.09604
0.22198
0.55963
0.59247
0.50314
0.35504
0.19080
0.00610
-0.36325
-0.28162
-0.21899
-0.09036
0.23141
0.33798
0.34048
0.14868
-0.05612
-0.19965
-0.33310
-0.34753
-0.48123
-0.52725
-0.24033
0.12369
0.37396
0.29697
0.12131
-0.15643
-0.44070
-0.37653
-0.27454
-0.04156
0.08002
0.31152
0.60330
0.54572
0.48956
0.28720
0.16528
-0.06567
-0.34494
-0.24646
-0.20737
-0.03354
0.24478
0.34546
0.31046
0.09271
-0.08487
-0.22000
-0.37439
-0.37311
-0.52518
-0.49231
-0.16269
0.20065
0.41312
0.24796
0.11353
-0.21500
-0.47787
-0.37042
-0.23212
-0.02716
0.07819
0.39825
0.62247
0.55374
0.47916
0.25751
0.17694
-0.16318
-0.32532
-0.24008
-0.24692
0.06506
0.28317
0.36511
0.27615
0.07443
-0.11371
-0.25671
-0.32355
-0.39191
-0.55685
-0.42346
-0.10120
0.22351
0.36563
0.19104
0.05630
-0.27823
-0.49393
-0.35263
-0.18539
0.01782
0.08588
0.46844
0.64188
0.51392
0.42706
0.22519
0.10410
-0.25992
-0.32086
-0.22617
-0.18002
0.14612
0.29688
0.35745
0.24323
0.04004
-0.11133
-0.29175
-0.35547
-0.41208
-0.56631
-0.38217
-0.03522
0.30463
0.34808
0.18851
-0.00781
-0.34842
-0.45828
-0.33167
-0.14481
0.01913
0.16779
0.52087
0.58228
0.51996
0.41418
0.21500
0.04227
-0.33240
-0.31244
-0.23254
-0.13855
0.19418
0.33051
0.34531
0.19992
0.00864
-0.15555
-0.33862
-0.33795
-0.46786
-0.60065
-0.29437
0.05902
0.34979
0.32962
0.17657
-0.05411
-0.40039
-0.40063
-0.29813
-0.09595
0.04813
0.22488
0.59061
0.53711
0.54019
0.34998
0.20868
-0.00104
-0.37784
-0.27948
-0.27371
-0.07907
0.19073
0.35175
0.35306
0.13675
0.00095
-0.18924
-0.35974
-0.36398
-0.50790
-0.54117
-0.19714
0.13480
0.37781
0.30304
0.14636
-0.11111
-0.45535
-0.42984
-0.28592
-0.05206
0.04385
0.30524
0.63763
0.56381
0.51202
0.35034
0.20834
-0.11554
-0.34744
-0.29337
-0.27493
0.02469
0.22830
0.34653
0.30231
0.11957
-0.05185
-0.22809
-0.34442
-0.38159
-0.53098
-0.50366
-0.17651
0.18732
0.37222
0.24710
0.11136
-0.20300
-0.49963
-0.37790
-0.24106
-0.01999
0.07471
0.40668
0.64420
0.52942
0.50772
0.27985
0.15424
-0.17010
-0.34399
-0.24182
-0.21335
0.05798
0.28262
0.35196
0.26337
0.02798
-0.11856
-0.24948
-0.34738
-0.39059
-0.56012
-0.42480
-0.08725
0.28107
0.39697
0.22018
0.05560
-0.29239
-0.47894
-0.35330
-0.19775
-0.00772
0.09497
0.49423
0.62872
0.53296
0.43509
0.23776
0.12363
-0.24762
-0.34387
-0.27887
-0.21109
0.12521
0.30023
0.34982
0.25235
0.01361
-0.13214
-0.28952
-0.36319
-0.46506
-0.61014
-0.36554
-0.02545
0.32843
0.38034
0.18088
-0.00235
-0.38400
-0.44565
-0.36084
-0.16922
0.05447
0.16995
0.56546
0.59747
0.52698
0.39038
0.21555
0.07169
-0.31296
-0.29788
-0.25391
-0.11749
0.18320
0.33908
0.37180
0.20142
0.01126
-0.14227
-0.32288
-0.39905
-0.45807
-0.60901
-0.30054
0.06732
0.34384
0.34808
0.16562
-0.05075
-0.42337
-0.42621
-0.32120
-0.10284
0.05420
0.22067
0.55350
0.52756
0.53055
0.33408
0.21021
0.02234
-0.35013
-0.28397
-0.22900
-0.05527
0.17715
0.34644
0.33768
0.11465
-0.03406
-0.17126
-0.32352
-0.36099
-0.50800
-0.53632
-0.20715
0.13110
0.35971
0.30304
0.14682
-0.11685
-0.45270
-0.39578
-0.26071
-0.07764
0.03448
0.29251
0.62405
0.54752
0.48825
0.29932
0.19202
-0.08984
-0.37112
-0.25446
-0.26425
0.01471
0.24243
0.36536
0.30292
0.08954
-0.05994
-0.24292
-0.33804
-0.39658
-0.55203
-0.48477
-0.14838
0.19153
0.38773
0.27911
0.09460
-0.20114
-0.47385
-0.40714
-0.22546
0.01453
0.06494
0.35706
0.61572
0.55676
0.48981
0.30603
0.15347
-0.16989
-0.32068
-0.25269
-0.21408
0.06378
0.27399
0.39362
0.26117
0.09039
-0.08145
-0.26471
-0.39368
-0.41409
-0.55487
-0.44241
-0.06250
0.28165
0.37070
0.23434
0.07193
-0.27411
-0.45883
-0.33990
-0.18958
0.02078
0.11310
0.46094
0.62225
0.51682
0.43652
0.25735
0.10315
-0.23834
-0.30591
-0.24176
-0.19281
0.15582
0.29861
0.35352
0.23761
0.00507
-0.14807
-0.29453
-0.36172
-0.45111
-0.60132
-0.35867
0.00909
0.33829
0.37973
0.19214
0.00986
-0.33340
-0.45645
-0.34064
-0.17224
0.04263
0.14410
0.54459
0.59042
0.52106
0.41202
0.24249
0.07373
-0.34494
-0.30835
-0.27646
-0.14828
0.17053
0.34265
0.38934
0.15201
0.02893
-0.15070
-0.33017
-0.35321
-0.48001
-0.59912
-0.28995
0.10037
0.33713
0.32303
0.17792
-0.00854
-0.42035
-0.44153
-0.28894
-0.14185
0.02225
0.18365
0.56458
0.54385
0.57245
0.39862
0.21103
0.01971
-0.35678
-0.27588
-0.30304
-0.08792
0.22650
0.33667
0.36053
0.15103
0.01163
-0.18460
-0.33380
-0.38892
-0.55286
-0.54248
-0.22043
0.13095
0.38284
0.32227
0.16519
-0.13306
-0.47446
-0.43466
-0.25864
-0.04788
-0.00430
0.30289
0.59424
0.53842
0.52927
0.31671
0.19797
-0.13541
-0.33136
-0.26474
-0.26169
0.02271
0.25845
0.39041
0.28903
0.10297
-0.03970
-0.21170
-0.33914
-0.39090
-0.55856
-0.52332
-0.12067
0.22391
0.40106
0.28006
0.10672
-0.18201
-0.48175
-0.40692
-0.25491
-0.00061
0.07166
0.38577
0.60529
0.51785
0.47482
0.27481
0.17206
-0.15979
-0.36517
-0.29709
-0.23392
0.07678
0.28717
0.38074
0.22189
0.05676
-0.04477
-0.23566
-0.39349
-0.44955
-0.59500
-0.45761
-0.06015
0.24744
0.38318
0.24139
0.07071
-0.25891
-0.46191
-0.35309
-0.19617
0.01608
0.09277
0.46371
0.59534
0.55219
0.45950
0.23578
0.14053
-0.24713
-0.31506
-0.26355
-0.18893
0.13440
0.27679
0.38693
0.18613
0.06180
-0.08951
-0.31134
-0.37134
-0.46951
-0.58698
-0.37250
0.03293
0.31958
0.35944
0.21057
0.02664
-0.33752
-0.46097
-0.28876
-0.13559
0.01123
0.18005
0.51968
0.57452
0.52585
0.40079
0.24527
0.05560
-0.33286
-0.32822
-0.28186
-0.16318
0.15982
0.30661
0.35599
0.16397
0.00189
-0.14090
-0.26071
-0.35828
-0.50565
-0.59839
-0.29630
0.05646
0.34518
0.36139
0.18607
-0.02521
-0.39096
-0.40488
-0.29086
-0.11810
0.03522
0.23373
0.58334
0.57098
0.54562
0.34891
0.18341
-0.01071
-0.33356
-0.29214
-0.27493
-0.06503
0.23395
0.35843
0.34186
0.12994
-0.02066
-0.18173
-0.32742
-0.40570
-0.54828
-0.56085
-0.23938
0.10574
0.37259
0.29007
0.11618
-0.10773
-0.44644
-0.40787
-0.27600
-0.04575
0.04941
0.28384
0.63556
0.55307
0.50800
0.29123
0.19489
-0.08350
-0.37128
-0.24649
-0.26620
0.02762
0.27042
0.35785
0.31732
0.10202
-0.03793
-0.24203
-0.36740
-0.43091
-0.60385
-0.49942
-0.12137
0.21704
0.38486
0.26718
0.11075
-0.20242
-0.47049
-0.37369
-0.23849
-0.00800
0.06189
0.36877
0.63345
0.58316
0.52136
0.26248
0.18298
-0.19958
-0.36404
-0.26422
-0.26599
0.05954
0.27765
0.39667
0.23901
0.09296
-0.05792
-0.27237
-0.35608
-0.42453
-0.57242
-0.43732
-0.03281
0.22281
0.35980
0.24445
0.07474
-0.25494
-0.49567
-0.31647
-0.19626
-0.02048
0.08231
0.45505
0.62210
0.56467
0.48920
0.24600
0.15213
-0.23996
-0.32965
-0.30109
-0.23633
0.12012
0.30130
0.35776
0.19946
0.07266
-0.11224
-0.26962
-0.34616
-0.47763
-0.59933
-0.37549
0.01328
0.27417
0.37222
0.20132
0.00787
-0.32458
-0.44968
-0.30853
-0.16418
0.01569
0.14636
0.54587
0.56778
0.52960
0.40317
0.22723
0.07037
-0.30508
-0.34445
-0.27063
-0.12750
0.17361
0.33185
0.35455
0.19055
0.02432
-0.15024
-0.36481
-0.40265
-0.52371
-0.60675
-0.26642
0.08652
0.37408
0.32510
0.15347
-0.04559
-0.42520
-0.41785
-0.28824
-0.10767
0.03180
0.23041
0.61404
0.58179
0.54901
0.32486
0.20349
-0.00150
-0.34290
-0.28204
-0.31070
-0.03802
0.24890
0.36279
0.34250
0.13800
0.03265
-0.19205
-0.35013
-0.41776
-0.53885
-0.55402
-0.21082
0.17114
0.36310
0.33002
0.15793
-0.11670
-0.45102
-0.41812
-0.25635
-0.10443
0.03729
0.29181
0.60944
0.59070
0.52185
0.33148
0.19778
-0.08411
-0.37997
-0.30960
-0.25580
0.00928
0.24896
0.34680
0.28818
0.10699
-0.01602
-0.21289
-0.34482
-0.41605
-0.55231
-0.48245
-0.14069
0.18692
0.38568
0.27875
0.13354
-0.16119
-0.49774
-0.35135
-0.22208
-0.04333
0.05115
0.38559
0.61981
0.55780
0.51254
0.26678
0.17896
-0.16068
-0.34775
-0.28589
-0.24588
0.08191
0.24371
0.33127
0.24109
0.07391
-0.06686
-0.23843
-0.37891
-0.44839
-0.58911
-0.44885
-0.11295
0.23346
0.39264
0.25107
0.10950
-0.28030
-0.46460
-0.33490
-0.18100
-0.01935
0.07816
0.49307
0.58206
0.59509
0.46414
0.22412
0.15985
-0.24573
-0.35892
-0.31387
-0.16806
0.10464
0.26947
0.35980
0.19666
0.07996
-0.08725
-0.29019
-0.40427
-0.44238
-0.56384
-0.40091
-0.03345
0.27878
0.38052
0.19196
0.04044
-0.30453
-0.47348
-0.29642
-0.16534
0.02847
0.14182
0.51767
0.59131
0.49118
0.42575
0.21603
0.08441
-0.32077
-0.35284
-0.25299
-0.12524
0.21454
0.28265
0.35123
0.20068
0.03790
-0.12799
-0.35590
-0.41507
-0.51559
-0.56165
-0.27118
0.08295
0.36768
0.32855
0.16873
-0.03470
-0.40057
-0.41608
-0.28412
-0.12399
0.03290
0.21896
0.53119
0.56012
0.54276
0.37540
0.24573
0.03937
-0.38144
-0.34177
-0.27158
-0.06705
0.22739
0.33917
0.32825
0.15350
0.00027
-0.19812
-0.38385
-0.41608
-0.55881
-0.53229
-0.19614
0.10440
0.38818
0.31775
0.15036
-0.10367
-0.44559
-0.36478
-0.24329
-0.06442
0.04462
0.30048
0.58829
0.56302
0.52878
0.32355
0.25986
-0.05957
-0.37524
-0.30756
-0.27682
-0.00729
0.20688
0.37833
0.26636
0.12189
-0.00571
-0.23083
-0.33252
-0.42868
-0.54727
-0.51563
-0.17072
0.16763
0.35687
0.29614
0.11642
-0.18396
-0.47305
-0.35126
-0.21796
-0.03314
0.04810
0.36786
0.61154
0.56445
0.49625
0.27203
0.17740
-0.15640
-0.35880
-0.29413
-0.24072
0.07523
0.24982
0.35300
0.27048
0.09381
-0.05722
-0.25217
-0.37033
-0.44327
-0.56128
-0.47351
-0.12952
0.25278
0.40607
0.21545
0.04111
-0.22864
-0.47437
-0.33908
-0.17133
0.01239
0.09207
0.45953
0.63242
0.54980
0.43640
0.22629
0.14706
-0.23615
-0.37158
-0.27213
-0.17569
0.16974
0.29147
0.35934
0.24905
0.08887
-0.05283
-0.31488
-0.41418
-0.48508
-0.60248
-0.35559
-0.01614
0.31262
0.37753
0.18475
0.02887
-0.30719
-0.45300
-0.28320
-0.15100
0.01871
0.15771
0.51541
0.56464
0.51761
0.41611
0.24496
0.07654
-0.30481
-0.33496
-0.28513
-0.10776
0.17606
0.30399
0.34467
0.21161
0.03244
-0.11624
-0.30872
-0.43063
-0.49289
-0.60284
-0.26440
0.04141
0.35153
0.37329
0.13266
0.01477
-0.41898
-0.43271
-0.27393
-0.13785
0.01215
0.20575
0.60052
0.55469
0.54788
0.39609
0.24872
0.05667
-0.39081
-0.32468
-0.28137
-0.07095
0.19370
0.27896
0.32541
0.18256
0.04611
-0.15228
-0.33173
-0.42783
-0.50885
-0.54221
-0.25140
0.07117
0.37369
0.29520
0.13885
-0.07208
-0.45547
-0.37900
-0.21994
-0.05960
0.00467
0.30945
0.59799
0.54565
0.51541
0.30154
0.21866
-0.08325
-0.40997
-0.30719
-0.24591
0.03622
0.24042
0.28903
0.29803
0.13962
0.01224
-0.18906
-0.37088
-0.42273
-0.53091
-0.47736
-0.19565
0.13278
0.42941
0.27539
0.10385
-0.15192
-0.47647
-0.34885
-0.20932
-0.02377
0.06555
0.37439
0.60651
0.56140
0.47055
0.26361
0.18875
-0.15567
-0.41455
-0.28809
-0.21906
0.06268
0.28796
0.33942
0.23862
0.14151
-0.03375
-0.25146
-0.38290
-0.44986
-0.59653
-0.46600
-0.07785
0.23154
0.39484
0.23297
0.05438
-0.25061
-0.46451
-0.32837
-0.18939
-0.02664
0.11960
0.43683
0.58804
0.54648
0.46597
0.24966
0.17343
-0.23807
-0.41772
-0.26639
-0.17502
0.13367
0.27652
0.35068
0.23538
0.08969
-0.04617
-0.30746
-0.41757
-0.48569
-0.60715
-0.35117
-0.00470
0.29395
0.37842
0.19818
0.04324
-0.33054
-0.47153
-0.30463
-0.17053
-0.00656
0.14874
0.50952
0.56427
0.55374
0.43961
0.26157
0.11578
-0.33237
-0.34283
-0.28528
-0.15356
0.13776
0.27921
0.33890
0.22150
0.10016
-0.11044
-0.31598
-0.42706
-0.50983
-0.56396
-0.26965
0.04037
0.31375
0.36963
0.19601
0.00735
-0.41913
-0.43723
-0.26129
-0.10428
0.00754
0.20325
0.56345
0.56131
0.54791
0.36209
0.22638
-0.01395
-0.38336
-0.32623
-0.27161
-0.06448
0.20422
0.32245
0.32050
0.18814
0.06622
-0.15936
-0.34726
-0.40887
-0.51443
-0.52795
-0.24719
0.07574
0.37476
0.30081
0.13522
-0.11234
-0.42307
-0.37415
-0.28241
-0.04691
0.06931
0.29379
0.57309
0.54904
0.52759
0.28891
0.21616
-0.05365
-0.43741
-0.34680
-0.25696
0.01312
0.22678
0.33060
0.30902
0.15717
0.03259
-0.20370
-0.42969
-0.44098
-0.54803
-0.49335
-0.14203
0.15671
0.40094
0.25000
0.10678
-0.16852
-0.46991
-0.33917
-0.22980
-0.05408
0.04056
0.38315
0.62964
0.55768
0.47437
0.28775
0.20816
-0.15372
-0.41116
-0.31042
-0.23279
0.07520
0.23944
0.34323
0.27658
0.12881
-0.02100
-0.23096
-0.37228
-0.46460
-0.58145
-0.41870
-0.09174
0.21378
0.40482
0.20477
0.08420
-0.22708
-0.48566
-0.32336
-0.20718
-0.02335
0.07748
0.46521
0.62744
0.52960
0.44223
0.27603
0.20486
-0.25546
-0.38287
-0.27567
-0.18869
0.12802
0.24850
0.31750
0.21783
0.11392
-0.06400
-0.26791
-0.40683
-0.47141
-0.54999
-0.37149
-0.03970
0.29440
0.37604
0.18661
0.06229
-0.35007
-0.47208
-0.29242
-0.13248
0.02368
0.18878
0.57306
0.56900
0.56155
0.41827
0.22397
0.09274
-0.32956
-0.37268
-0.28168
-0.12561
0.17856
0.29059
0.30151
0.21561
0.09564
-0.10645
-0.32813
-0.42203
-0.47552
-0.54977
-0.31601
-0.00586
0.35074
0.36371
0.11490
-0.03094
-0.38306
-0.40836
-0.27826
-0.09909
0.05292
0.22879
0.58093
0.59949
0.50879
0.31882
0.22910
0.02951
-0.40857
-0.33853
-0.26102
-0.06311
0.22290
0.32443
0.32910
0.15021
0.04074
-0.15652
-0.39816
-0.40268
-0.50406
-0.52518
-0.20480
0.10303
0.39273
0.27310
0.13751
-0.07877
-0.48218
-0.38556
-0.25732
-0.10788
0.04739
0.30621
0.59354
0.56580
0.53870
0.34174
0.21881
-0.06500
-0.41226
-0.33005
-0.25418
0.02377
0.20151
0.32629
0.29370
0.14749
0.01428
-0.20422
-0.36395
-0.42386
-0.55399
-0.49548
-0.15515
0.14218
0.36923
0.22913
0.11679
-0.12854
-0.48907
-0.35355
-0.23459
-0.06268
0.08093
0.37674
0.58566
0.55161
0.52151
0.32016
0.23282
-0.16498
-0.40878
-0.27292
-0.22079
0.08392
0.22211
0.28851
0.26276
0.13486
-0.02737
-0.22870
-0.36777
-0.42447
-0.53177
-0.39664
-0.11798
0.20358
0.41608
0.24252
0.08801
-0.26370
-0.50287
-0.35101
-0.17566
0.01907
0.10397
0.45071
0.59290
0.55344
0.44308
0.27408
0.14508
-0.27249
-0.40332
-0.27393
-0.16562
0.10345
0.24567
0.32202
0.25778
0.10825
-0.08472
-0.31595
-0.42746
-0.43625
-0.54504
-0.38013
-0.07867
0.30829
0.41589
0.14877
0.01965
-0.31686
-0.45880
-0.28558
-0.14413
0.02573
0.15738
0.50244
0.63150
0.52621
0.39658
0.25372
0.14859
-0.30847
-0.38379
-0.24146
-0.13983
0.17380
0.26981
0.32797
0.18976
0.05106
-0.11188
-0.38425
-0.39990
-0.45703
-0.58652
-0.27185
0.06009
0.37054
0.33807
0.13629
-0.03027
-0.42960
-0.39685
-0.29224
-0.13458
0.03513
0.25153
0.59714
0.55112
0.53601
0.36377
0.28769
0.04636
-0.41406
-0.32373
-0.26215
-0.04724
0.17712
0.27600
0.31232
0.18002
0.06604
-0.17197
-0.36890
-0.42691
-0.51755
-0.51682
-0.19724
0.12668
0.37064
0.33139
0.13763
-0.08533
-0.46152
-0.38364
-0.26105
-0.15558
0.02795
0.28476
0.57953
0.55258
0.53836
0.37024
0.27505
-0.01385
-0.42752
-0.32693
-0.24957
-0.02286
0.18484
0.29681
0.29941
0.12698
0.01712
-0.15311
-0.39157
-0.40750
-0.52518
-0.51321
-0.19104
0.13730
0.41406
0.26266
0.12811
-0.19986
-0.51239
-0.34525
-0.22110
-0.06006
0.05478
0.37711
0.60544
0.54483
0.48541
0.30600
0.21173
-0.14120
-0.44125
-0.27032
-0.18854
0.07150
0.25204
0.29965
0.27414
0.14774
0.00867
-0.28409
-0.43011
-0.41666
-0.55658
-0.42416
-0.12656
0.25964
0.40906
0.22604
0.07367
-0.26160
-0.44550
-0.36914
-0.18942
-0.01480
0.12509
0.45703
0.58923
0.56149
0.42291
0.28110
0.17801
-0.24045
-0.40942
-0.28036
-0.16217
0.13083
0.25623
0.30933
0.25055
0.10773
-0.07193
-0.31525
-0.44989
-0.45639
-0.59128
-0.37015
-0.00681
0.35037
0.40576
0.18280
0.04370
-0.33353
-0.47897
-0.31467
-0.17969
-0.02972
0.15759
0.51843
0.58652
0.54797
0.41772
0.30905
0.11426
-0.36588
-0.36444
-0.27847
-0.11679
0.16177
0.26675
0.32281
0.21927
0.10492
-0.11331
-0.32056
-0.43753
-0.49261
-0.53687
-0.29028
0.06027
0.34659
0.35870
0.15353
-0.00064
-0.41162
-0.44534
-0.25159
-0.18201
-0.01276
0.19403
0.56595
0.58102
0.50897
0.40604
0.28149
0.07620
-0.40674
-0.36484
-0.24167
-0.06631
0.18524
0.25253
0.30310
0.19473
0.04343
-0.12134
-0.37506
-0.42322
-0.48242
-0.52963
-0.25311
0.05090
0.39984
0.29465
0.16226
-0.05905
-0.45825
-0.37094
-0.25861
-0.07706
0.02820
0.29144
0.59622
0.56247
0.53073
0.34518
0.24722
-0.05338
-0.42337
-0.30215
-0.21741
0.02545
0.21036
0.26001
0.29227
0.17624
0.04654
-0.20386
-0.44968
-0.43839
-0.52200
-0.48883
-0.19275
0.15735
0.43298
0.24744
0.13263
-0.14230
-0.47650
-0.34406
-0.25336
-0.07410
0.07352
0.39764
0.57303
0.52261
0.50980
0.26788
0.21182
-0.11505
-0.39941
-0.25565
-0.20163
0.09128
0.20773
0.30008
0.26569
0.12335
-0.01645
-0.25571
-0.39389
-0.43448
-0.55753
-0.42291
-0.09015
0.23590
0.41016
0.22855
0.08496
-0.25476
-0.48831
-0.32349
-0.18356
0.00076
0.12579
0.42731
0.58112
0.51895
0.46082
0.31305
0.19992
-0.25726
-0.41647
-0.25540
-0.16968
0.09836
0.23822
0.34131
0.21991
0.08142
-0.06851
-0.34146
-0.43573
-0.45514
-0.57938
-0.33145
-0.00491
0.27530
0.40228
0.21219
0.05090
-0.35181
-0.48383
-0.29892
-0.17285
0.01892
0.15436
0.48874
0.58691
0.54272
0.42371
0.25757
0.13760
-0.32928
-0.35858
-0.27039
-0.12775
0.17511
0.24850
0.34763
0.21576
0.04147
-0.12238
-0.32318
-0.42981
-0.45627
-0.51740
-0.31186
-0.02570
0.37570
0.35880
0.13785
0.00571
-0.41229
-0.42331
-0.27997
-0.11627
0.01172
0.19910
0.58304
0.57050
0.48264
0.32681
0.27228
0.03183
-0.38440
-0.32156
-0.24152
-0.03433
0.22665
0.28430
0.30533
0.19870
0.07709
-0.17722
-0.37875
-0.41794
-0.51285
-0.51117
-0.28522
0.04254
0.40955
0.31274
0.13092
-0.07404
-0.41336
-0.37888
-0.25516
-0.06735
0.04333
0.28561
0.56274
0.55020
0.49112
0.31873
0.24179
-0.01749
-0.41071
-0.29025
-0.20929
0.00177
0.19485
0.27292
0.27509
0.18005
0.02576
-0.20917
-0.42624
-0.41736
-0.50806
-0.50549
-0.17688
0.14951
0.42737
0.26065
0.08875
-0.13208
-0.47311
-0.35898
-0.19196
-0.04272
0.04230
0.33508
0.61398
0.55881
0.48666
0.34274
0.21094
-0.17258
-0.41647
-0.28043
-0.20764
0.08182
0.19830
0.29617
0.32587
0.14838
-0.00714
-0.22772
-0.41608
-0.44077
-0.55084
-0.41507
-0.11581
0.19858
0.43585
0.20956
0.10239
-0.21548
-0.51843
-0.33337
-0.21509
-0.01099
0.08234
0.44476
0.59488
0.51093
0.47672
0.29828
0.21698
-0.25345
-0.42554
-0.25388
-0.16537
0.13870
0.21518
0.32764
0.25754
0.11469
-0.06674
-0.30853
-0.41589
-0.46286
-0.54318
-0.37814
-0.07874
0.29178
0.40866
0.18985
0.05679
-0.32068
-0.49719
-0.30020
-0.11398
0.00629
0.15616
0.51270
0.58075
0.55948
0.44452
0.28149
0.09003
-0.33786
-0.40335
-0.27469
-0.10736
0.14572
0.26547
0.32986
0.25360
0.12567
-0.10666
-0.35706
-0.44852
-0.44778
-0.54074
-0.36349
-0.02090
0.38257
0.37546
0.15182
0.01898
-0.38214
-0.44778
-0.29144
-0.11499
0.02689
0.19788
0.54367
0.54977
0.50839
0.38150
0.25912
0.06454
-0.38843
-0.35342
-0.25937
-0.06207
0.20331
0.26675
0.36121
0.19440
0.06454
-0.16016
-0.40491
-0.42105
-0.48965
-0.53305
-0.25705
0.07138
0.39398
0.34784
0.16644
-0.03775
-0.45172
-0.42172
-0.24631
-0.10648
0.02365
0.23312
0.58493
0.56458
0.52988
0.38330
0.26599
-0.03543
-0.42197
-0.28003
-0.25867
-0.00058
0.18195
0.26883
0.33292
0.14642
0.04330
-0.20361
-0.38507
-0.43011
-0.54642
-0.46292
-0.19833
0.15808
0.41214
0.26727
0.15909
-0.14005
-0.49377
-0.40765
-0.23157
-0.03082
0.01819
0.33362
0.57489
0.56631
0.50119
0.31607
0.24121
-0.16541
-0.40506
-0.27490
-0.21716
0.05563
0.17996
0.30136
0.28473
0.17917
-0.01547
-0.25696
-0.39725
-0.45877
-0.52283
-0.41913
-0.15982
0.17554
0.44159
0.25919
0.07452
-0.21457
-0.49088
-0.36130
-0.15533
0.01123
0.04166
0.37979
0.58902
0.54193
0.45401
0.30429
0.15457
-0.24390
-0.38525
-0.28918
-0.17023
0.09955
0.20584
0.31168
0.27539
0.15808
-0.02924
-0.28738
-0.45407
-0.45212
-0.52237
-0.40634
-0.09869
0.30075
0.42068
0.19302
0.06601
-0.27884
-0.45764
-0.32654
-0.16879
0.00360
0.10843
0.51569
0.61813
0.50809
0.40186
0.26807
0.14938
-0.32727
-0.38474
-0.24594
-0.13654
0.17413
0.24106
0.33597
0.22397
0.12411
-0.08691
-0.37466
-0.43604
-0.48346
-0.54245
-0.31314
-0.01440
0.34262
0.36682
0.17648
0.00012
-0.34595
-0.44772
-0.29050
-0.10278
-0.02704
0.19000
0.52863
0.56622
0.52374
0.42462
0.31723
0.03995
-0.38297
-0.33087
-0.26559
-0.06061
0.16080
0.24423
0.32529
0.23804
0.10364
-0.16495
-0.39166
-0.46042
-0.52966
-0.53156
-0.24136
0.04391
0.35034
0.36795
0.16168
-0.04559
-0.41663
-0.42813
-0.25311
-0.06812
0.02493
0.21628
0.53995
0.59714
0.52448
0.37918
0.26605
-0.02823
-0.38397
-0.32242
-0.27756
-0.04428
0.17462
0.29980
0.33063
0.21259
0.02798
-0.20786
-0.37622
-0.44946
-0.52051
-0.49814
-0.22247
0.10620
0.42740
0.30536
0.14325
-0.10101
-0.49249
-0.36395
-0.21005
-0.04932
0.01709
0.32016
0.63824
0.55869
0.49301
0.30630
0.23138
-0.15897
-0.43384
-0.30045
-0.26187
0.08963
0.23526
0.30786
0.28519
0.20010
0.04480
-0.29016
-0.41135
-0.48706
-0.56909
-0.45212
-0.17792
0.20459
0.40979
0.26724
0.13840
-0.17123
-0.46854
-0.36652
-0.20178
-0.00317
0.08249
0.37241
0.57245
0.53305
0.48538
0.32605
0.18042
-0.21490
-0.40634
-0.29895
-0.20636
0.07697
0.22220
0.30838
0.26144
0.19461
-0.04333
-0.30515
-0.43851
-0.46884
-0.56369
-0.40845
-0.08459
0.23364
0.39685
0.25626
0.10510
-0.27380
-0.50751
-0.29605
-0.15576
-0.01703
0.09613
0.43826
0.57498
0.52771
0.48672
0.31827
0.13977
-0.29263
-0.35443
-0.26276
-0.15707
0.10864
0.21347
0.36743
0.27051
0.13803
-0.05511
-0.34784
-0.44006
-0.47449
-0.57797
-0.34195
-0.06552
0.30014
0.36563
0.18674
0.08383
-0.36703
-0.43347
-0.29361
-0.12515
0.00629
0.15753
0.53598
0.56348
0.53265
0.40527
0.31750
0.08194
-0.37097
-0.34421
-0.26715
-0.08929
0.16443
0.25293
0.31061
0.22916
0.10025
-0.16156
-0.33862
-0.41287
-0.49976
-0.52866
-0.27219
-0.00665
0.35010
0.35211
0.15805
0.01187
-0.42957
-0.42429
-0.24170
-0.05090
0.02200
0.23468
0.56622
0.52441
0.52332
0.40210
0.23062
-0.03839
-0.39108
-0.32236
-0.26202
-0.01120
0.16159
0.28857
0.33554
0.20029
0.09000
-0.18988
-0.39389
-0.44891
-0.50986
-0.48148
-0.27695
0.09933
0.40640
0.29959
0.15659
-0.10846
-0.44019
-0.40710
-0.24371
-0.05374
0.05951
0.30444
0.56711
0.57074
0.47272
0.32562
0.20990
-0.14493
-0.40799
-0.26080
-0.24802
0.03619
0.21664
0.31168
0.31912
0.19547
0.01688
-0.28021
-0.42288
-0.44730
-0.57794
-0.46149
-0.17117
0.16928
0.41180
0.25418
0.11728
-0.20914
-0.48703
-0.34512
-0.21133
-0.01038
0.07455
0.36407
0.61374
0.56079
0.49274
0.34592
0.20172
-0.21527
-0.42657
-0.26080
-0.21085
0.08490
0.21768
0.32941
0.25980
0.17966
-0.00980
-0.30820
-0.43222
-0.47238
-0.56598
-0.40643
-0.08838
0.21243
0.37680
0.27670
0.11075
-0.26184
-0.49084
-0.32239
-0.18784
-0.02658
0.10165
0.41660
0.57919
0.56546
0.48462
0.32712
0.16159
-0.31821
-0.39627
-0.25717
-0.16901
0.11603
0.21039
0.32147
0.25162
0.15454
-0.06357
-0.33685
-0.40701
-0.45651
-0.56439
-0.34061
-0.07101
0.27332
0.37634
0.22565
0.05469
-0.38025
-0.43753
-0.29892
-0.10895
0.04276
0.16348
0.53348
0.58539
0.56522
0.38632
0.29138
0.04642
-0.39783
-0.32715
-0.27856
-0.07129
0.14844
0.27313
0.32828
0.22964
0.14780
-0.14401
-0.36942
-0.43698
-0.53156
-0.57306
-0.31677
0.03058
0.33365
0.33136
0.19922
-0.03336
-0.39020
-0.43341
-0.28769
-0.09305
0.05441
0.22885
0.49448
0.57098
0.56064
0.38095
0.22488
-0.01984
-0.42670
-0.33569
-0.24719
-0.04126
0.17920
0.30841
0.31113
0.19058
0.11505
-0.16486
-0.39700
-0.44550
-0.52054
-0.50430
-0.19592
0.12622
0.33749
0.30438
0.17908
-0.08008
-0.44455
-0.37976
-0.23843
-0.04150
0.06659
0.29028
0.56763
0.53210
0.53448
0.36075
0.21664
-0.12665
-0.43030
-0.26517
-0.22571
0.06226
0.18060
0.28131
0.32132
0.13885
0.00879
-0.26126
-0.38474
-0.42776
-0.58075
-0.44153
-0.17117
0.15558
0.36603
0.25583
0.16205
-0.18756
-0.47083
-0.36127
-0.22211
-0.02271
0.07242
0.39182
0.55386
0.56113
0.50385
0.35156
0.23022
-0.21826
-0.39667
-0.27887
-0.20901
0.07684
0.19739
0.30939
0.27344
0.15598
-0.03479
-0.24179
-0.37170
-0.42337
-0.55392
-0.40665
-0.13712
0.20450
0.40665
0.20407
0.08337
-0.30359
-0.46216
-0.33905
-0.16730
0.04910
0.10202
0.46387
0.58939
0.58316
0.41870
0.24814
0.14178
-0.33490
-0.40582
-0.27170
-0.14240
0.15161
0.25623
0.34003
0.24811
0.17096
-0.05328
-0.35596
-0.43317
-0.46103
-0.53687
-0.37888
-0.07727
0.30252
0.38614
0.24274
0.05286
-0.33670
-0.40561
-0.28751
-0.12201
0.04581
0.18750
0.44763
0.53406
0.54547
0.40833
0.25034
0.10529
-0.35892
-0.37009
-0.23615
-0.10034
0.13492
0.24026
0.33624
0.19708
0.09167
-0.11319
-0.38666
-0.42444
-0.47809
-0.53180
-0.28500
0.03464
0.35376
0.31668
0.18307
-0.00632
-0.42313
-0.39941
-0.25296
-0.09702
0.03531
0.21719
0.52939
0.57507
0.55396
0.36496
0.25717
0.00388
-0.40405
-0.29865
-0.21347
-0.04950
0.14276
0.23929
0.30457
0.19083
0.04831
-0.18719
-0.38208
-0.41226
-0.52252
-0.49332
-0.20557
0.06393
0.34872
0.28201
0.15317
-0.09125
-0.45721
-0.37109
-0.23224
-0.03738
0.04855
0.27106
0.54031
0.57687
0.49799
0.33447
0.28189
-0.08847
-0.42252
-0.27518
-0.22821
0.01910
0.17233
0.25989
0.26337
0.19583
0.05057
-0.21933
-0.37369
-0.42224
-0.50140
-0.44574
-0.18524
0.10153
0.36221
0.26761
0.12656
-0.19470
-0.50278
-0.34103
-0.20126
0.02328
0.10159
0.35471
0.55200
0.55811
0.49930
0.30753
0.19742
-0.24588
-0.44321
-0.24542
-0.18954
0.07147
0.21155
0.29886
0.28467
0.19879
-0.00497
-0.28839
-0.41412
-0.43570
-0.51700
-0.42496
-0.15808
0.19955
0.41125
0.23288
0.05667
-0.25995
-0.44861
-0.30032
-0.17780
0.02524
0.14230
0.38470
0.58432
0.53995
0.44055
0.26047
0.16306
-0.25772
-0.42700
-0.22736
-0.17551
0.10785
0.21289
0.33365
0.26883
0.09821
-0.04926
-0.32568
-0.39893
-0.43686
-0.56049
-0.36459
-0.04507
0.28745
0.33478
0.18399
0.06308
-0.34018
-0.43301
-0.28128
-0.14923
0.03070
0.16116
0.48938
0.55469
0.53760
0.41473
0.29608
0.11600
-0.37622
-0.35492
-0.22775
-0.12363
0.13318
0.22632
0.28180
0.22971
0.12521
-0.10193
-0.34460
-0.41043
-0.48996
-0.51633
-0.25174
-0.01105
0.31241
0.32355
0.17853
0.02014
-0.43011
-0.44922
-0.28336
-0.09753
0.04678
0.21948
0.51074
0.54578
0.56598
0.41519
0.27695
0.02295
-0.40823
-0.31134
-0.22696
-0.04691
0.12885
0.23486
0.30661
0.18625
0.08044
-0.15933
-0.36450
-0.42029
-0.48447
-0.46936
-0.28085
0.04062
0.36301
0.28207
0.16965
-0.08279
-0.45819
-0.37625
-0.22900
-0.01123
0.03964
0.30542
0.55167
0.55002
0.53201
0.31436
0.25320
-0.12863
-0.40805
-0.28555
-0.21182
0.03519
0.18307
0.28207
0.28278
0.19855
0.05981
-0.23578
-0.40359
-0.44354
-0.50198
-0.45511
-0.22504
0.16858
0.42334
0.26251
0.10727
-0.15869
-0.43848
-0.35626
-0.22327
-0.02023
0.09137
0.33664
0.54630
0.55948
0.46686
0.31964
0.22781
-0.15298
-0.44217
-0.25818
-0.17285
0.05823
0.19348
0.25076
0.26877
0.15137
0.02029
-0.23203
-0.44525
-0.42960
-0.52478
-0.40271
-0.11581
0.21103
0.40280
0.20236
0.11908
-0.24945
-0.47086
-0.29016
-0.16364
0.00076
0.08328
0.43088
0.54395
0.53067
0.50089
0.31506
0.17795
-0.30991
-0.41599
-0.23056
-0.14169
0.12390
0.13773
0.29025
0.25342
0.11905
-0.04330
-0.31491
-0.38153
-0.46030
-0.51700
-0.31250
-0.10474
0.28262
0.38113
0.16205
0.04248
-0.35941
-0.44498
-0.28537
-0.11249
0.02542
0.12619
0.46613
0.56888
0.54379
0.39609
0.30557
0.10257
-0.37912
-0.33368
-0.23007
-0.10587
0.11942
0.23672
0.32288
0.21133
0.10147
-0.11728
-0.29999
-0.40198
-0.44324
-0.48340
-0.33182
-0.04697
0.33237
0.35440
0.14447
-0.00433
-0.41238
-0.43048
-0.25177
-0.05579
0.04022
0.15787
0.51556
0.58963
0.51096
0.38556
0.25815
0.00168
-0.38416
-0.31738
-0.21115
-0.06958
0.16483
0.23236
0.28693
0.23080
0.07721
-0.13898
-0.37784
-0.43082
-0.48395
-0.48181
-0.29800
0.01135
0.43213
0.31152
0.12231
-0.05496
-0.45459
-0.37332
-0.24863
-0.03244
0.10110
0.26535
0.55490
0.52869
0.48898
0.34787
0.24594
-0.03955
-0.45547
-0.26550
-0.20178
-0.02219
0.18668
0.28458
0.32135
0.16675
0.05301
-0.26453
-0.42862
-0.39841
-0.51431
-0.44446
-0.21841
0.14252
0.41412
0.29858
0.12073
-0.17966
-0.44376
-0.36517
-0.18634
-0.00699
0.06631
0.32458
0.55875
0.53506
0.48715
0.35303
0.20129
-0.20535
-0.43085
-0.24222
-0.18683
0.03372
0.16837
0.27951
0.30594
0.18753
-0.01529
-0.28336
-0.41904
-0.43585
-0.52054
-0.37668
-0.14127
0.18628
0.42899
0.24588
0.11432
-0.24490
-0.47403
-0.31213
-0.15750
0.03442
0.07166
0.37582
0.59528
0.54984
0.43600
0.32135
0.20966
-0.27585
-0.39804
-0.23718
-0.19131
0.05283
0.19720
0.31128
0.24170
0.13742
-0.05103
-0.30521
-0.41269
-0.43362
-0.51746
-0.37610
-0.16568
0.23285
0.43689
0.17758
0.07233
-0.30130
-0.45844
-0.30496
-0.10867
0.05438
0.09137
0.46475
0.58987
0.51813
0.42688
0.31305
0.09125
-0.34467
-0.35324
-0.23193
-0.10410
0.11307
0.17191
0.29382
0.28329
0.18616
-0.08722
-0.34604
-0.41196
-0.45425
-0.49893
-0.38245
-0.07953
0.35605
0.36441
0.16263
0.01471
-0.36594
-0.44489
-0.25821
-0.07642
0.01230
0.15491
0.50897
0.61130
0.53540
0.39798
0.29163
0.04077
-0.38846
-0.33926
-0.21387
-0.06836
0.12634
0.22699
0.33472
0.24796
0.11499
-0.17776
-0.39175
-0.43454
-0.48929
-0.49374
-0.27844
0.02197
0.39026
0.33139
0.12888
-0.06326
-0.39709
-0.41644
-0.24289
-0.03168
0.00110
0.22064
0.59421
0.57581
0.50000
0.41147
0.28146
-0.11423
-0.43652
-0.28317
-0.26382
-0.01395
0.15018
0.23611
0.33035
0.23041
0.12259
-0.21725
-0.40570
-0.45651
-0.50876
-0.47238
-0.24240
0.10663
0.40384
0.30325
0.14203
-0.08337
-0.43198
-0.39084
-0.21964
-0.02686
0.01828
0.29062
0.58176
0.54526
0.50134
0.40366
0.26373
-0.14572
-0.44351
-0.28275
-0.23990
0.00540
0.16296
0.26605
0.32047
0.21378
0.03961
-0.23892
-0.42639
-0.42822
-0.53442
-0.45215
-0.21948
0.11884
0.43692
0.23734
0.11865
-0.19705
-0.49011
-0.34177
-0.17239
0.03238
0.02820
0.39206
0.61630
0.54733
0.48825
0.32645
0.16837
-0.27625
-0.39825
-0.26996
-0.19757
0.08679
0.17410
0.31537
0.32068
0.21661
-0.01617
-0.31046
-0.43124
-0.44653
-0.52805
-0.42429
-0.17685
0.24683
0.41595
0.22171
0.10956
-0.26337
-0.47385
-0.31921
-0.10361
0.02618
0.07742
0.38187
0.60904
0.54672
0.45844
0.32758
0.12347
-0.29514
-0.39938
-0.26773
-0.17282
0.07803
0.22263
0.31824
0.23849
0.18668
-0.07822
-0.35907
-0.41162
-0.43958
