-0.00235
-0.00247
-0.00266
-0.00284
-0.00272
-0.00241
-0.00247
-0.00241
-0.00241
-0.00259
-0.00266
-0.00259
-0.00287
-0.00278
-0.00244
-0.00229
-0.00177
-0.00119
-0.00082
-0.00046
-0.00021
-0.00043
-0.00027
-0.00021
-0.00031
0.00027
0.00064
0.00085
0.00082
0.00061
0.00043
0.00052
0.00034
-0.00034
-0.00079
-0.00116
-0.00122
-0.00082
-0.00061
-0.00064
-0.00034
-0.00031
0.00006
0.00073
0.00089
0.00089
0.00092
0.00116
0.00098
0.00101
0.00116
0.00125
0.00140
0.00146
0.00156
0.00195
0.00253
0.00278
0.00348
0.00375
0.00394
0.00443
0.00436
0.00455
0.00507
0.00507
0.00470
0.00458
0.00430
0.00388
0.00360
0.00357
0.00354
0.00336
0.00336
0.00302
0.00259
0.00235
0.00186
0.00134
0.00095
0.00076
0.00064
0.00031
0.00006
-0.00067
-0.00085
-0.00058
-0.00052
-0.00061
-0.00034
-0.00027
-0.00021
0.00018
0.00018
0.00070
0.00104
0.00104
0.00098
0.00067
0.00092
0.00095
0.00055
0.00037
0.00000
-0.00073
-0.00113
-0.00134
-0.00134
-0.00107
-0.00113
-0.00131
-0.00131
-0.00131
-0.00128
-0.00131
-0.00146
-0.00162
-0.00180
-0.00183
-0.00223
-0.00232
-0.00247
-0.00269
-0.00266
-0.00226
-0.00180
-0.00131
-0.00089
-0.00079
-0.00119
-0.00162
-0.00143
-0.00131
-0.00085
-0.00037
-0.00015
-0.00015
-0.00021
0.00040
0.00052
0.00064
0.00082
0.00064
0.00061
0.00031
0.00021
0.00006
-0.00009
-0.00034
-0.00040
-0.00034
0.00009
0.00052
0.00055
0.00052
0.00043
0.00009
-0.00009
-0.00003
0.00006
-0.00009
-0.00015
0.00006
0.00037
0.00089
0.00134
0.00174
0.00159
0.00150
0.00208
0.00244
0.00247
0.00275
0.00290
0.00278
0.00250
0.00241
0.00259
0.00223
0.00168
0.00128
0.00113
0.00095
0.00034
-0.00049
-0.00113
-0.00131
-0.00122
-0.00092
-0.00031
0.00000
-0.00009
0.00006
0.00058
0.00098
0.00119
0.00125
0.00116
0.00095
0.00079
0.00064
0.00061
0.00079
0.00104
0.00119
0.00119
0.00128
0.00113
0.00061
0.00012
-0.00049
-0.00073
-0.00089
-0.00116
-0.00128
-0.00095
-0.00082
-0.00095
-0.00082
-0.00113
-0.00131
-0.00092
-0.00067
-0.00003
0.00009
0.00000
-0.00012
-0.00061
-0.00101
-0.00131
-0.00128
-0.00143
-0.00146
-0.00131
-0.00137
-0.00174
-0.00195
-0.00220
-0.00223
-0.00214
-0.00180
-0.00125
-0.00095
-0.00116
-0.00146
-0.00122
-0.00104
-0.00089
-0.00064
-0.00046
-0.00027
0.00000
0.00046
0.00110
0.00180
0.00232
0.00232
0.00256
0.00302
0.00305
0.00345
0.00360
0.00357
0.00323
0.00247
0.00183
0.00159
0.00128
0.00150
0.00174
0.00150
0.00153
0.00183
0.00250
0.00223
0.00171
0.00146
0.00079
0.00064
0.00040
0.00009
-0.00049
-0.00107
-0.00113
-0.00098
-0.00061
-0.00015
-0.00009
-0.00006
-0.00003
0.00015
0.00027
0.00046
0.00061
0.00052
0.00034
0.00034
0.00015
-0.00018
-0.00027
0.00003
0.00024
0.00070
0.00092
0.00098
0.00122
0.00128
0.00119
0.00082
0.00055
0.00043
0.00052
0.00049
0.00046
0.00037
-0.00015
-0.00070
-0.00082
-0.00110
-0.00140
-0.00153
-0.00192
-0.00208
-0.00192
-0.00162
-0.00107
-0.00089
-0.00085
-0.00046
-0.00003
0.00006
-0.00003
-0.00027
0.00012
0.00046
0.00064
0.00052
0.00024
0.00046
0.00049
0.00003
-0.00027
0.00018
0.00040
0.00024
0.00027
-0.00018
-0.00116
-0.00159
-0.00217
-0.00250
-0.00223
-0.00214
-0.00217
-0.00214
-0.00198
-0.00143
-0.00092
-0.00070
-0.00040
-0.00009
0.00027
0.00067
0.00104
0.00140
0.00131
0.00113
0.00116
0.00101
0.00085
0.00070
0.00055
0.00064
0.00070
0.00098
0.00098
0.00113
0.00119
0.00079
0.00055
0.00070
0.00101
0.00125
0.00146
0.00125
0.00116
0.00156
0.00208
0.00250
0.00211
0.00186
0.00186
0.00122
0.00098
0.00116
0.00098
0.00064
0.00043
0.00031
0.00052
0.00064
0.00064
0.00043
0.00040
0.00076
0.00089
0.00085
0.00049
0.00018
0.00052
0.00067
0.00055
0.00055
0.00021
0.00003
0.00015
0.00043
0.00049
0.00043
-0.00027
-0.00107
-0.00162
-0.00204
-0.00229
-0.00259
-0.00296
-0.00308
-0.00290
-0.00244
-0.00177
-0.00137
-0.00159
-0.00156
-0.00153
-0.00146
-0.00192
-0.00226
-0.00226
-0.00183
-0.00165
-0.00211
-0.00232
-0.00217
-0.00186
-0.00095
-0.00079
-0.00122
-0.00153
-0.00220
-0.00235
-0.00217
-0.00229
-0.00266
-0.00244
-0.00250
-0.00278
-0.00250
-0.00198
-0.00168
-0.00183
-0.00195
-0.00198
-0.00241
-0.00275
-0.00272
-0.00259
-0.00232
-0.00229
-0.00238
-0.00211
-0.00156
-0.00107
-0.00076
-0.00034
0.00021
0.00024
0.00055
0.00113
0.00137
0.00162
0.00168
0.00186
0.00177
0.00110
0.00140
0.00140
0.00098
0.00104
0.00107
0.00119
0.00134
0.00156
0.00162
0.00134
0.00116
0.00119
0.00089
0.00058
0.00021
-0.00067
-0.00125
-0.00165
-0.00198
-0.00150
-0.00082
-0.00082
-0.00070
-0.00027
-0.00006
0.00015
0.00027
0.00012
0.00012
0.00018
0.00037
0.00055
0.00034
0.00040
0.00031
-0.00003
0.00061
0.00116
0.00128
0.00119
0.00122
0.00137
0.00104
0.00079
0.00085
0.00079
0.00046
0.00018
0.00024
0.00024
0.00037
0.00067
0.00064
0.00052
0.00009
-0.00034
-0.00043
-0.00076
-0.00082
-0.00061
-0.00015
-0.00015
-0.00076
-0.00122
-0.00143
-0.00098
-0.00095
-0.00079
-0.00055
-0.00079
-0.00095
-0.00101
-0.00101
-0.00165
-0.00226
-0.00223
-0.00244
-0.00259
-0.00272
-0.00278
-0.00293
-0.00296
-0.00287
-0.00269
-0.00211
-0.00192
-0.00198
-0.00223
-0.00253
-0.00259
-0.00235
-0.00192
-0.00177
-0.00131
-0.00110
-0.00076
-0.00061
-0.00067
-0.00067
-0.00073
-0.00073
-0.00073
-0.00092
-0.00089
-0.00082
-0.00064
-0.00049
-0.00061
-0.00061
-0.00034
-0.00012
0.00015
0.00064
0.00128
0.00198
0.00247
0.00275
0.00281
0.00296
0.00317
0.00275
0.00220
0.00198
0.00177
0.00171
0.00156
0.00107
0.00092
0.00040
0.00009
0.00012
-0.00003
-0.00012
0.00012
0.00070
0.00073
0.00098
0.00095
0.00055
-0.00003
-0.00049
-0.00079
-0.00128
-0.00137
-0.00125
-0.00150
-0.00180
-0.00171
-0.00165
-0.00165
-0.00162
-0.00214
-0.00241
-0.00256
-0.00244
-0.00214
-0.00183
-0.00150
-0.00101
-0.00052
-0.00055
-0.00082
-0.00058
-0.00021
-0.00040
-0.00049
-0.00040
-0.00012
0.00024
0.00021
0.00034
0.00034
0.00003
0.00015
0.00082
0.00089
0.00082
0.00131
0.00159
0.00168
0.00174
0.00137
0.00067
0.00076
0.00107
0.00092
0.00049
0.00037
0.00061
0.00061
0.00052
0.00027
-0.00027
-0.00095
-0.00119
-0.00122
-0.00146
-0.00156
-0.00107
-0.00067
-0.00024
0.00034
0.00024
0.00046
0.00104
0.00134
0.00186
0.00226
0.00211
0.00195
0.00137
0.00113
0.00125
0.00104
0.00070
0.00055
0.00006
-0.00006
-0.00006
-0.00037
-0.00018
0.00000
0.00003
-0.00006
-0.00055
-0.00092
-0.00085
-0.00031
0.00018
0.00058
0.00098
0.00092
0.00098
0.00125
0.00113
0.00098
0.00055
0.00034
0.00055
0.00073
0.00122
0.00137
0.00116
0.00055
-0.00034
-0.00085
-0.00156
-0.00211
-0.00208
-0.00162
-0.00128
-0.00128
-0.00134
-0.00122
-0.00156
-0.00171
-0.00125
-0.00098
-0.00043
-0.00021
-0.00034
-0.00043
-0.00092
-0.00092
-0.00055
-0.00027
-0.00037
-0.00012
0.00003
0.00000
0.00034
0.00012
-0.00043
-0.00073
-0.00052
-0.00055
-0.00043
-0.00012
-0.00012
-0.00024
-0.00043
-0.00085
-0.00113
-0.00110
-0.00104
-0.00079
-0.00061
-0.00073
-0.00076
-0.00076
-0.00076
-0.00110
-0.00122
-0.00070
0.00000
0.00058
0.00049
0.00034
0.00024
0.00040
0.00043
0.00043
0.00034
-0.00015
-0.00046
-0.00061
-0.00085
-0.00122
-0.00168
-0.00223
-0.00235
-0.00201
-0.00177
-0.00177
-0.00174
-0.00156
-0.00177
-0.00171
-0.00150
-0.00183
-0.00204
-0.00165
-0.00116
-0.00082
-0.00067
-0.00082
-0.00104
-0.00095
-0.00089
-0.00079
-0.00085
-0.00067
-0.00031
-0.00006
0.00027
0.00046
0.00043
0.00043
0.00067
0.00085
0.00116
0.00165
0.00214
0.00266
0.00272
0.00287
0.00305
0.00308
0.00278
0.00259
0.00250
0.00217
0.00168
0.00119
0.00055
0.00015
0.00031
0.00034
0.00037
0.00055
0.00076
0.00070
0.00034
0.00031
0.00012
0.00034
0.00076
0.00067
0.00073
0.00110
0.00110
0.00116
0.00143
0.00146
0.00171
0.00186
0.00171
0.00128
0.00110
0.00137
0.00165
0.00183
0.00171
0.00150
0.00171
0.00165
0.00134
0.00128
0.00140
0.00186
0.00229
0.00253
0.00244
0.00238
0.00235
0.00217
0.00220
0.00244
0.00241
0.00241
0.00226
0.00180
0.00174
0.00171
0.00162
0.00183
0.00201
0.00223
0.00204
0.00186
0.00229
0.00244
0.00223
0.00204
0.00201
0.00214
0.00183
0.00171
0.00174
0.00159
0.00146
0.00082
0.00027
0.00043
0.00037
0.00012
0.00009
0.00034
0.00089
0.00122
0.00134
0.00174
0.00208
0.00214
0.00204
0.00238
0.00226
0.00201
0.00180
0.00174
0.00177
0.00119
0.00089
0.00067
0.00122
0.00159
0.00150
0.00162
0.00174
0.00150
0.00125
0.00131
0.00150
0.00208
0.00266
0.00281
0.00272
0.00253
0.00226
0.00208
0.00195
0.00131
0.00122
0.00131
0.00153
0.00159
0.00119
0.00104
0.00122
0.00125
0.00134
0.00168
0.00146
0.00082
0.00082
0.00131
0.00168
0.00174
0.00195
0.00171
0.00137
0.00150
0.00128
0.00098
0.00034
-0.00024
-0.00012
-0.00015
0.00006
0.00003
-0.00064
-0.00085
-0.00076
-0.00098
-0.00116
-0.00104
-0.00089
-0.00101
-0.00137
-0.00168
-0.00208
-0.00214
-0.00198
-0.00195
-0.00195
-0.00198
-0.00220
-0.00278
-0.00314
-0.00305
-0.00308
-0.00311
-0.00336
-0.00305
-0.00262
-0.00287
-0.00302
-0.00293
-0.00269
-0.00235
-0.00220
-0.00226
-0.00186
-0.00137
-0.00104
-0.00082
-0.00101
-0.00122
-0.00113
-0.00092
-0.00052
-0.00058
-0.00101
-0.00116
-0.00156
-0.00223
-0.00284
-0.00333
-0.00339
-0.00320
-0.00281
-0.00256
-0.00247
-0.00208
-0.00211
-0.00232
-0.00235
-0.00229
-0.00204
-0.00198
-0.00232
-0.00241
-0.00229
-0.00244
-0.00238
-0.00180
-0.00119
-0.00055
-0.00012
0.00024
0.00055
0.00067
0.00082
0.00095
0.00146
0.00168
0.00183
0.00232
0.00253
0.00262
0.00253
0.00256
0.00299
0.00320
0.00330
0.00342
0.00339
0.00311
0.00299
0.00284
0.00253
0.00250
0.00217
0.00186
0.00174
0.00159
0.00137
0.00119
0.00122
0.00082
0.00061
0.00040
-0.00003
-0.00037
-0.00073
-0.00098
-0.00104
-0.00061
-0.00055
-0.00085
-0.00073
-0.00110
-0.00143
-0.00125
-0.00122
-0.00085
-0.00058
-0.00089
-0.00107
-0.00095
-0.00092
-0.00082
-0.00055
-0.00058
-0.00082
-0.00073
-0.00031
-0.00052
-0.00092
-0.00095
-0.00113
-0.00122
-0.00089
-0.00049
-0.00070
-0.00082
-0.00073
-0.00092
-0.00113
-0.00107
-0.00101
-0.00082
-0.00067
-0.00085
-0.00137
-0.00165
-0.00183
-0.00217
-0.00226
-0.00223
-0.00235
-0.00238
-0.00238
-0.00232
-0.00226
-0.00235
-0.00232
-0.00266
-0.00272
-0.00256
-0.00247
-0.00259
-0.00293
-0.00287
-0.00214
-0.00186
-0.00195
-0.00201
-0.00180
-0.00162
-0.00189
-0.00192
-0.00156
-0.00122
-0.00107
-0.00085
-0.00055
-0.00040
-0.00031
-0.00021
-0.00012
0.00024
0.00052
0.00049
0.00043
0.00037
0.00043
0.00031
0.00046
0.00070
0.00076
0.00076
0.00049
0.00046
0.00037
0.00040
0.00055
0.00012
-0.00040
-0.00067
-0.00082
-0.00098
-0.00110
-0.00085
-0.00076
-0.00079
-0.00085
-0.00089
-0.00122
-0.00146
-0.00174
-0.00192
-0.00150
-0.00116
-0.00113
-0.00101
-0.00107
-0.00146
-0.00217
-0.00244
-0.00244
-0.00247
-0.00238
-0.00189
-0.00146
-0.00119
-0.00089
-0.00107
-0.00113
-0.00113
-0.00110
-0.00113
-0.00156
-0.00192
-0.00201
-0.00223
-0.00269
-0.00287
-0.00269
-0.00247
-0.00204
-0.00153
-0.00131
-0.00110
-0.00116
-0.00119
-0.00098
-0.00092
-0.00104
-0.00101
-0.00116
-0.00107
-0.00122
-0.00159
-0.00171
-0.00177
-0.00192
-0.00192
-0.00195
-0.00198
-0.00177
-0.00143
-0.00107
-0.00113
-0.00137
-0.00156
-0.00146
-0.00131
-0.00128
-0.00052
0.00021
0.00037
0.00034
0.00076
0.00110
0.00107
0.00128
0.00171
0.00211
0.00217
0.00204
0.00229
0.00241
0.00220
0.00232
0.00232
0.00214
0.00223
0.00204
0.00201
0.00241
0.00250
0.00266
0.00293
0.00293
0.00305
0.00302
0.00259
0.00183
0.00156
0.00162
0.00174
0.00220
0.00253
0.00235
0.00238
0.00259
0.00266
0.00266
0.00247
0.00229
0.00247
0.00250
0.00235
0.00235
0.00275
0.00281
0.00220
0.00153
0.00110
0.00089
0.00076
0.00070
0.00101
0.00140
0.00198
0.00259
0.00244
0.00247
0.00296
0.00348
0.00375
0.00372
0.00394
0.00418
0.00415
0.00406
0.00421
0.00415
0.00424
0.00409
0.00378
0.00372
0.00375
0.00351
0.00293
0.00296
0.00342
0.00366
0.00378
0.00351
0.00275
0.00208
0.00168
0.00153
0.00137
0.00128
0.00089
0.00027
-0.00003
-0.00031
-0.00058
-0.00043
-0.00027
-0.00037
-0.00012
0.00006
0.00000
-0.00018
-0.00040
-0.00064
-0.00079
-0.00055
-0.00024
-0.00034
-0.00067
-0.00082
-0.00101
-0.00101
-0.00101
-0.00134
-0.00146
-0.00131
-0.00134
-0.00153
-0.00171
-0.00137
-0.00134
-0.00153
-0.00143
-0.00110
-0.00089
-0.00098
-0.00113
-0.00131
-0.00131
-0.00134
-0.00131
-0.00146
-0.00177
-0.00171
-0.00143
-0.00140
-0.00134
-0.00146
-0.00186
-0.00189
-0.00162
-0.00125
-0.00125
-0.00153
-0.00153
-0.00143
-0.00079
-0.00012
-0.00006
0.00009
0.00012
0.00009
0.00043
0.00079
0.00095
0.00116
0.00150
0.00171
0.00168
0.00159
0.00146
0.00116
0.00113
0.00134
0.00159
0.00189
0.00192
0.00211
0.00232
0.00235
0.00226
0.00204
0.00153
0.00089
0.00073
0.00076
0.00000
-0.00037
0.00015
0.00012
0.00021
0.00076
0.00089
0.00085
0.00052
0.00076
0.00101
0.00076
0.00095
0.00107
0.00131
0.00143
0.00089
0.00031
0.00027
0.00009
-0.00009
-0.00012
-0.00024
-0.00024
0.00006
0.00021
0.00037
0.00046
0.00024
0.00031
0.00055
0.00031
0.00018
0.00040
0.00027
0.00012
-0.00018
-0.00024
0.00009
0.00015
-0.00018
-0.00055
-0.00089
-0.00143
-0.00180
-0.00165
-0.00143
-0.00131
-0.00140
-0.00150
-0.00131
-0.00159
-0.00180
-0.00165
-0.00171
-0.00153
-0.00137
-0.00119
-0.00101
-0.00104
-0.00070
-0.00031
-0.00027
-0.00061
-0.00085
-0.00082
-0.00058
-0.00046
-0.00073
-0.00095
-0.00079
-0.00052
-0.00034
-0.00049
-0.00079
-0.00058
-0.00003
0.00061
0.00098
0.00116
0.00159
0.00156
0.00171
0.00143
0.00116
0.00143
0.00180
0.00229
0.00244
0.00272
0.00308
0.00351
0.00381
0.00336
0.00317
0.00357
0.00366
0.00305
0.00250
0.00217
0.00177
0.00137
0.00134
0.00168
0.00162
0.00162
0.00168
0.00146
0.00159
0.00137
0.00061
0.00009
0.00006
0.00027
0.00067
0.00113
0.00156
0.00180
0.00150
0.00095
0.00089
0.00082
0.00061
0.00113
0.00180
0.00226
0.00226
0.00195
0.00180
0.00162
0.00131
0.00107
0.00085
0.00082
0.00067
0.00034
0.00012
-0.00012
-0.00037
-0.00055
-0.00067
-0.00079
-0.00101
-0.00143
-0.00189
-0.00247
-0.00284
-0.00293
-0.00305
-0.00314
-0.00311
-0.00305
-0.00308
-0.00311
-0.00262
-0.00256
-0.00266
-0.00214
-0.00177
-0.00171
-0.00146
-0.00113
-0.00058
-0.00024
-0.00003
-0.00049
-0.00037
0.00006
0.00034
0.00064
0.00098
0.00104
0.00055
0.00021
0.00015
0.00006
0.00031
0.00037
0.00037
0.00070
0.00095
0.00076
0.00040
0.00009
0.00003
-0.00006
-0.00018
-0.00027
-0.00015
0.00034
0.00073
0.00104
0.00110
0.00140
0.00186
0.00174
0.00150
0.00156
0.00159
0.00171
0.00146
0.00070
-0.00006
-0.00034
-0.00052
-0.00070
-0.00076
-0.00064
-0.00043
-0.00049
-0.00046
-0.00027
-0.00027
-0.00012
0.00003
-0.00009
0.00012
0.00006
-0.00061
-0.00122
-0.00171
-0.00235
-0.00256
-0.00235
-0.00214
-0.00171
-0.00153
-0.00189
-0.00183
-0.00162
-0.00150
-0.00116
-0.00085
-0.00085
-0.00089
-0.00119
-0.00113
-0.00089
-0.00119
-0.00143
-0.00162
-0.00198
-0.00220
-0.00250
-0.00253
-0.00269
-0.00266
-0.00223
-0.00247
-0.00293
-0.00345
-0.00354
-0.00241
-0.00198
-0.00168
-0.00128
-0.00146
-0.00165
-0.00150
-0.00113
-0.00076
-0.00076
-0.00070
-0.00052
-0.00055
-0.00034
-0.00018
0.00027
0.00076
0.00089
0.00082
0.00015
0.00006
0.00049
0.00067
0.00092
0.00052
0.00034
0.00024
-0.00003
0.00027
0.00040
0.00037
0.00089
0.00101
0.00098
0.00101
0.00082
0.00092
0.00125
0.00168
0.00204
0.00201
0.00189
0.00186
0.00183
0.00159
0.00140
0.00162
0.00183
0.00204
0.00229
0.00217
0.00204
0.00259
0.00241
0.00217
0.00229
0.00220
0.00244
0.00259
0.00232
0.00183
0.00156
0.00137
0.00153
0.00168
0.00204
0.00238
0.00217
0.00195
0.00198
0.00208
0.00186
0.00186
0.00214
0.00253
0.00250
0.00198
0.00143
0.00107
0.00082
0.00058
0.00104
0.00156
0.00204
0.00211
0.00226
0.00232
0.00217
0.00250
0.00223
0.00177
0.00153
0.00128
0.00061
-0.00015
-0.00040
-0.00040
-0.00018
0.00009
-0.00006
-0.00049
-0.00110
-0.00143
-0.00150
-0.00140
-0.00143
-0.00162
-0.00204
-0.00232
-0.00235
-0.00253
-0.00278
-0.00333
-0.00391
-0.00418
-0.00409
-0.00394
-0.00363
-0.00323
-0.00311
-0.00272
-0.00189
-0.00113
-0.00092
-0.00049
0.00003
0.00031
0.00024
0.00015
0.00034
0.00055
0.00046
0.00076
0.00116
0.00165
0.00183
0.00153
0.00189
0.00238
0.00305
0.00360
0.00403
0.00427
0.00409
0.00385
0.00363
0.00342
0.00388
0.00433
0.00415
0.00406
0.00391
0.00354
0.00372
0.00391
0.00400
0.00378
0.00327
0.00299
0.00287
0.00241
0.00180
0.00156
0.00146
0.00101
0.00043
-0.00024
-0.00113
-0.00119
-0.00122
-0.00183
-0.00244
-0.00302
-0.00327
-0.00351
-0.00375
-0.00342
-0.00299
-0.00262
-0.00238
-0.00238
-0.00266
-0.00293
-0.00247
-0.00226
-0.00223
-0.00214
-0.00226
-0.00214
-0.00165
-0.00101
-0.00061
-0.00024
-0.00006
-0.00034
-0.00040
-0.00052
-0.00085
-0.00113
-0.00116
-0.00122
-0.00131
-0.00082
0.00000
0.00064
0.00159
0.00214
0.00223
0.00214
0.00214
0.00217
0.00220
0.00244
0.00204
0.00137
0.00125
0.00082
0.00027
-0.00027
-0.00052
-0.00067
-0.00098
-0.00150
-0.00211
-0.00244
-0.00272
-0.00262
-0.00238
-0.00256
-0.00223
-0.00180
-0.00168
-0.00162
-0.00146
-0.00125
-0.00116
-0.00134
-0.00177
-0.00232
-0.00269
-0.00284
-0.00290
-0.00327
-0.00391
-0.00446
-0.00488
-0.00464
-0.00394
-0.00385
-0.00418
-0.00421
-0.00400
-0.00406
-0.00403
-0.00366
-0.00323
-0.00296
-0.00281
-0.00272
-0.00256
-0.00198
-0.00122
-0.00082
-0.00098
-0.00043
0.00031
0.00021
0.00034
0.00113
0.00128
0.00101
0.00110
0.00137
0.00113
0.00073
0.00107
0.00140
0.00082
0.00034
0.00076
0.00116
0.00156
0.00220
0.00266
0.00284
0.00293
0.00287
0.00247
0.00192
0.00211
0.00220
0.00186
0.00195
0.00180
0.00159
0.00113
0.00058
0.00018
0.00003
0.00040
0.00067
0.00070
0.00079
0.00089
0.00092
0.00101
0.00101
0.00070
-0.00003
-0.00082
-0.00150
-0.00189
-0.00244
-0.00293
-0.00299
-0.00311
-0.00363
-0.00394
-0.00381
-0.00369
-0.00385
-0.00357
-0.00345
-0.00327
-0.00269
-0.00232
-0.00174
-0.00104
-0.00076
-0.00085
-0.00082
-0.00076
-0.00055
-0.00040
-0.00043
-0.00031
-0.00021
0.00009
0.00043
0.00024
0.00058
0.00104
0.00122
0.00168
0.00235
0.00272
0.00269
0.00275
0.00269
0.00241
0.00256
0.00275
0.00317
0.00369
0.00378
0.00400
0.00427
0.00467
0.00513
0.00552
0.00528
0.00467
0.00415
0.00351
0.00333
0.00323
0.00333
0.00305
0.00217
0.00150
0.00058
0.00006
0.00040
0.00046
0.00040
0.00052
0.00110
0.00168
0.00217
0.00281
0.00299
0.00287
0.00217
0.00146
0.00107
0.00046
-0.00009
-0.00043
-0.00027
-0.00015
0.00009
0.00012
-0.00024
-0.00027
-0.00034
-0.00049
-0.00046
-0.00061
-0.00070
-0.00037
-0.00012
0.00009
0.00018
-0.00012
-0.00034
-0.00040
-0.00055
-0.00073
-0.00076
-0.00037
-0.00061
-0.00064
-0.00052
-0.00049
-0.00024
0.00031
0.00079
0.00119
0.00137
0.00113
0.00104
0.00107
0.00143
0.00183
0.00201
0.00223
0.00262
0.00299
0.00345
0.00345
0.00354
0.00372
0.00394
0.00409
0.00421
0.00391
0.00314
0.00281
0.00266
0.00223
0.00143
0.00055
-0.00043
-0.00116
-0.00150
-0.00183
-0.00180
-0.00189
-0.00183
-0.00174
-0.00195
-0.00217
-0.00235
-0.00253
-0.00262
-0.00302
-0.00311
-0.00311
-0.00323
-0.00345
-0.00327
-0.00293
-0.00266
-0.00253
-0.00269
-0.00269
-0.00275
-0.00256
-0.00235
-0.00214
-0.00220
-0.00235
-0.00259
-0.00247
-0.00204
-0.00214
-0.00223
-0.00201
-0.00159
-0.00110
-0.00073
-0.00024
0.00037
0.00040
0.00006
-0.00003
-0.00006
-0.00043
-0.00018
0.00012
0.00052
0.00064
0.00049
0.00043
0.00027
0.00031
0.00079
0.00143
0.00189
0.00226
0.00226
0.00269
0.00296
0.00305
0.00351
0.00430
0.00455
0.00409
0.00421
0.00461
0.00470
0.00427
0.00394
0.00363
0.00339
0.00336
0.00253
0.00131
0.00064
0.00027
0.00003
-0.00027
-0.00049
-0.00024
-0.00043
-0.00031
0.00024
0.00031
0.00012
-0.00024
-0.00073
-0.00104
-0.00165
-0.00204
-0.00180
-0.00128
-0.00140
-0.00171
-0.00134
-0.00098
-0.00037
-0.00015
-0.00061
-0.00082
-0.00125
-0.00165
-0.00195
-0.00262
-0.00311
-0.00339
-0.00388
-0.00421
-0.00470
-0.00494
-0.00385
-0.00354
-0.00406
-0.00375
-0.00330
-0.00305
-0.00278
-0.00256
-0.00201
-0.00174
-0.00165
-0.00192
-0.00259
-0.00226
-0.00165
-0.00137
-0.00168
-0.00214
-0.00208
-0.00165
-0.00131
-0.00146
-0.00211
-0.00186
-0.00183
-0.00247
-0.00290
-0.00375
-0.00348
-0.00287
-0.00281
-0.00369
-0.00409
-0.00406
-0.00464
-0.00452
-0.00476
-0.00446
-0.00397
-0.00378
-0.00351
-0.00394
-0.00388
-0.00323
-0.00272
-0.00226
-0.00269
-0.00372
-0.00446
-0.00427
-0.00461
-0.00552
-0.00534
-0.00488
-0.00516
-0.00507
-0.00494
-0.00455
-0.00287
-0.00211
-0.00162
-0.00012
0.00101
0.00134
0.00180
0.00104
-0.00006
-0.00012
-0.00064
-0.00143
-0.00052
-0.00055
-0.00134
-0.00040
-0.00055
-0.00079
0.00058
0.00204
0.00406
0.00528
0.00598
0.00699
0.00723
0.00778
0.00897
0.00977
0.01071
0.01187
0.01221
0.01172
0.01297
0.01477
0.01440
0.01474
0.01517
0.01517
0.01587
0.01578
0.01498
0.01440
0.01498
0.01523
0.01349
0.01328
0.01288
0.01175
0.01080
0.00989
0.00879
0.00677
0.00397
0.00287
0.00394
0.00391
0.00443
0.00397
0.00308
0.00211
0.00186
0.00159
-0.00134
-0.00250
-0.00342
-0.00668
-0.00800
-0.00818
-0.00980
-0.01105
-0.01157
-0.01385
-0.01379
-0.01318
-0.01294
-0.01282
-0.01324
-0.01389
-0.01355
-0.01321
-0.01389
-0.01447
-0.01526
-0.01572
-0.01572
-0.01627
-0.01520
-0.01447
-0.01450
-0.01270
-0.01285
-0.01440
-0.01514
-0.01550
-0.01462
-0.01324
-0.01340
-0.01324
-0.01468
-0.01544
-0.01468
-0.01254
-0.01083
-0.00919
-0.00705
-0.00650
-0.00598
-0.00577
-0.00461
-0.00269
0.00024
0.00189
0.00150
0.00137
0.00021
-0.00003
-0.00040
0.00052
0.00223
0.00287
0.00409
0.00494
0.00525
0.00568
0.00687
0.00729
0.00830
0.00916
0.00882
0.00998
0.01212
0.01276
0.01328
0.01221
0.00980
0.00760
0.00626
0.00623
0.00470
0.00232
0.00040
0.00208
0.00400
0.00357
0.00360
0.00357
0.00601
0.00903
0.00912
0.01059
0.01175
0.00912
0.00684
0.00641
0.00540
0.00653
0.01010
0.00916
0.00815
0.00787
0.00479
0.00540
0.00632
0.00461
0.00476
0.00174
-0.00146
-0.00070
-0.00119
-0.00156
-0.00369
-0.00461
-0.00241
0.00061
0.00198
0.00479
0.00592
0.00345
0.00516
0.00684
0.00757
0.00897
0.00787
0.00494
0.00409
0.00568
0.00473
0.00391
0.00174
-0.00021
-0.00369
-0.00385
-0.00134
-0.00235
-0.00323
-0.00330
-0.00052
-0.00195
-0.00464
-0.00424
-0.00412
-0.00180
-0.00125
-0.00211
-0.00204
-0.00195
-0.00513
-0.00946
-0.01028
-0.01001
-0.01239
-0.01337
-0.00967
-0.00977
-0.01154
-0.01114
-0.01166
-0.00922
-0.00558
-0.00345
-0.00348
-0.00177
-0.00232
-0.00351
-0.00055
0.00089
0.00079
0.00180
0.00119
0.00073
0.00262
0.00589
0.00708
0.00873
0.00943
0.00717
0.00555
0.00668
0.00537
0.00330
0.00345
0.00418
0.00424
0.00540
0.00833
0.01160
0.01385
0.01416
0.01425
0.01715
0.01794
0.01804
0.02292
0.02234
0.02225
0.02274
0.01926
0.01529
0.01331
0.01248
0.01221
0.00977
0.00674
0.00595
0.00589
0.00696
0.00497
0.00064
-0.00171
-0.00104
0.00415
0.00565
0.00198
-0.00003
-0.00314
-0.00427
-0.00369
-0.00674
-0.01187
-0.01340
-0.01248
-0.00986
-0.00677
-0.00717
-0.00980
-0.01047
-0.01038
-0.01031
-0.00879
-0.00806
-0.00858
-0.00925
-0.00897
-0.00650
-0.00534
-0.00525
-0.00739
-0.00705
-0.00629
-0.00528
-0.00357
-0.00443
-0.00412
-0.00641
-0.00845
-0.01080
-0.01257
-0.01294
-0.01245
-0.01315
-0.01224
-0.01697
-0.02121
-0.01529
-0.00934
-0.00833
-0.00592
-0.00568
-0.00458
-0.00018
0.00128
0.00327
0.00671
0.00571
0.00171
0.00476
0.00571
0.00729
0.00546
0.00314
0.00366
0.00140
0.00131
0.00150
-0.00159
-0.00211
0.00284
0.00705
0.00824
0.00598
0.00537
0.00699
0.00848
0.00812
0.01019
0.01208
0.01135
0.00702
0.00269
-0.00070
0.00040
0.00394
0.00690
0.00839
0.00894
0.00879
0.00641
-0.00247
-0.00558
-0.00293
0.00140
0.00342
-0.00192
-0.00241
-0.00269
-0.00513
-0.00516
-0.00433
-0.00012
0.00360
0.00455
0.00766
0.00653
0.00443
-0.00110
-0.00616
-0.01282
-0.01456
-0.01062
-0.00943
-0.01190
-0.01917
-0.01880
-0.01523
-0.01370
-0.01205
-0.01077
-0.00882
-0.00427
-0.00208
0.00015
0.00250
0.00128
0.00259
0.00278
0.00616
0.00748
0.00964
0.01126
0.01114
0.00873
0.01260
0.01486
0.00803
0.00995
0.01425
0.01315
0.01276
0.01172
0.01480
0.01508
0.01563
0.01849
0.01324
0.00653
0.00302
-0.00266
-0.00247
-0.00146
-0.00323
-0.00388
0.00046
0.00031
-0.00421
-0.00082
-0.00299
-0.00165
0.00159
0.00546
0.00919
0.01001
0.00626
0.00534
0.00375
0.00247
0.00665
0.00922
0.00537
0.00473
0.00531
0.00381
0.00757
0.00626
-0.00061
-0.00134
-0.00229
-0.00757
-0.01105
-0.01370
-0.01202
-0.01340
-0.01175
-0.00690
-0.00229
0.00003
0.00110
-0.00009
-0.00162
0.00085
0.00189
0.00476
0.00949
0.01303
0.01169
0.00943
0.00705
0.00726
0.00723
0.00940
0.00571
0.00656
0.00668
0.00385
0.00439
0.00284
0.00116
0.00113
0.00580
0.00110
-0.00116
-0.00266
-0.00803
-0.00644
-0.01544
-0.01849
-0.01874
-0.02563
-0.02484
-0.02634
-0.02695
-0.02197
-0.01712
-0.01773
-0.01508
-0.01337
-0.01474
-0.02023
-0.02353
-0.02689
-0.02649
-0.01633
-0.00934
-0.01190
-0.01501
-0.01398
-0.01190
-0.01010
-0.01248
-0.01346
-0.00937
-0.00574
-0.00696
-0.00549
0.00180
-0.00024
-0.00919
-0.01035
-0.00928
-0.01108
-0.00702
-0.00867
-0.01025
-0.00552
-0.00467
-0.00192
0.00366
0.00598
0.00507
0.00583
0.00824
0.00815
0.00867
0.01477
0.01599
0.01749
0.01944
0.01730
0.01904
0.01669
0.01428
0.01437
0.01767
0.01797
0.02255
0.02356
0.02460
0.02579
0.02225
0.02194
0.02020
0.01639
0.01260
0.00699
0.00226
-0.00015
0.00055
0.00122
0.00247
0.00110
0.00146
0.00592
0.00580
0.00479
0.00040
0.00009
-0.00122
-0.00809
-0.00943
-0.01340
-0.01556
-0.01273
-0.01077
-0.00366
-0.00195
-0.00415
-0.00473
-0.00119
-0.00024
-0.00507
-0.00656
-0.00311
-0.00348
-0.00565
-0.00565
-0.00848
-0.00967
-0.01257
-0.01520
-0.01389
-0.00983
-0.00717
-0.00818
-0.00507
0.00198
0.00226
-0.00101
-0.00159
-0.00620
-0.00681
-0.00323
-0.00046
0.00171
0.00586
0.01065
0.00763
0.00601
0.00107
-0.00049
0.00250
0.00278
0.00589
0.01346
0.01331
0.01764
0.01984
0.01694
0.01889
0.01761
0.01559
0.00803
0.00027
0.00171
0.00302
0.00043
-0.00250
-0.00317
-0.00217
0.00201
0.00311
0.00031
0.00323
0.00247
-0.00110
-0.00345
-0.00357
-0.00589
-0.00787
-0.00952
-0.00812
0.00040
0.00479
0.00424
0.00916
0.00806
0.00851
0.01038
0.00793
0.00519
0.00638
0.00491
0.00250
0.00076
-0.00620
-0.00626
-0.00406
-0.00446
-0.00616
-0.00705
-0.00662
-0.00296
0.00201
0.00229
0.00089
0.00262
0.00140
0.00092
-0.00366
-0.00351
-0.00165
0.00021
-0.00449
-0.00266
-0.00284
-0.00085
0.00159
-0.00513
0.00107
0.00241
-0.00046
-0.00003
0.00397
0.00504
0.00534
0.01224
0.00970
0.00842
0.00287
-0.00461
-0.00479
-0.01196
-0.01379
-0.01794
-0.01822
-0.01450
-0.00955
-0.00226
-0.00323
-0.00677
-0.01242
-0.01157
-0.01035
-0.01581
-0.01907
-0.01770
-0.01309
-0.01077
-0.01111
-0.01047
-0.00461
-0.00259
-0.00284
0.00299
0.01111
0.01440
0.01178
0.01038
0.00864
0.00067
-0.00375
-0.00458
-0.01300
-0.01215
-0.00879
-0.00296
0.00064
-0.00076
0.00677
0.00955
0.01270
0.01688
0.01694
0.01901
0.02078
0.01941
0.01837
0.01846
0.01862
0.01608
0.01498
0.00940
0.00583
0.00934
0.00885
0.01044
0.00909
0.00784
0.01080
0.00909
0.00525
0.00601
0.00620
0.00897
0.00638
0.00687
0.00769
-0.00046
-0.00601
-0.00967
-0.01001
-0.01163
-0.01559
-0.01202
-0.01108
-0.00714
-0.00781
-0.00912
-0.00809
-0.01538
-0.01651
-0.01813
-0.01700
-0.02167
-0.02570
-0.02173
-0.01648
-0.01068
-0.01187
-0.00793
-0.00833
-0.00592
-0.00421
-0.00610
-0.00143
-0.00473
-0.01025
-0.01016
-0.01068
-0.02026
-0.02460
-0.02795
-0.02908
-0.02350
-0.01395
-0.00772
-0.00208
0.00589
0.00833
0.01248
0.01398
0.01205
0.00681
0.00446
0.00528
0.00684
0.00595
0.00055
0.00113
0.00073
0.00180
0.00269
0.00262
0.00409
0.00375
0.00665
0.01797
0.01959
0.01544
0.02094
0.02023
0.01633
0.01587
0.01300
0.01096
0.00916
0.00961
0.01083
0.01163
0.01080
0.01608
0.01865
0.01544
0.01437
0.01111
0.00797
0.00653
0.01047
0.00760
0.00092
0.00146
-0.00345
-0.00543
-0.00238
-0.00281
0.00183
0.00150
0.00723
0.01013
0.00891
0.00671
-0.00006
0.00015
-0.00290
-0.00732
-0.01508
-0.02005
-0.01932
-0.02365
-0.01883
-0.02075
-0.01877
-0.01205
-0.01172
-0.00522
-0.00369
0.00183
0.00208
0.00269
0.00674
0.00455
0.00092
-0.00015
-0.00388
-0.01038
-0.00821
-0.01004
-0.01208
-0.01019
-0.01138
-0.00391
0.00266
0.00516
0.00659
0.01096
0.01376
0.00925
0.00253
-0.00110
-0.00967
-0.01358
-0.01001
-0.01169
-0.01123
-0.01025
-0.00702
-0.00339
0.00320
0.01031
0.01224
0.00983
0.01019
0.00839
0.00073
-0.00070
-0.00470
-0.00766
-0.00729
-0.00650
0.00043
0.00275
-0.00323
-0.00473
0.00476
0.01508
0.02164
0.02045
0.01865
0.02194
0.01855
0.01334
0.00522
-0.00018
-0.00052
-0.00281
-0.00119
0.00195
0.00153
0.00522
0.01138
0.01520
0.01486
0.01639
0.01413
0.01550
0.01361
0.01434
0.01904
0.01355
0.01169
0.00858
0.00656
0.00772
0.00439
-0.00110
-0.00375
-0.00067
0.00540
0.00772
0.00830
0.00839
0.00894
0.00766
0.00577
0.00299
-0.00244
-0.00946
-0.01160
-0.01324
-0.01642
-0.01477
-0.01987
-0.01755
-0.01443
-0.01242
-0.01309
-0.01794
-0.01974
-0.02158
-0.02615
-0.02725
-0.02805
-0.03601
-0.03940
-0.03555
-0.03128
-0.03088
-0.02710
-0.01663
-0.01465
-0.01132
-0.00101
0.00400
0.00949
0.00589
0.00201
0.00476
-0.00299
-0.01007
-0.00436
-0.00534
-0.00827
-0.00363
0.00009
-0.00299
-0.00574
-0.00281
0.00134
0.00327
0.00964
0.01584
0.01843
0.02042
0.02094
0.02158
0.01950
0.01978
0.01682
0.01019
0.00778
0.00543
0.00620
0.00861
0.00815
0.01440
0.01608
0.01605
0.02087
0.02536
0.02676
0.02734
0.02634
0.02078
0.02310
0.02368
0.02036
0.01947
0.01379
0.00854
0.01010
0.00879
0.00739
0.00687
0.00577
0.00208
0.00250
-0.00067
-0.01154
-0.01306
-0.01538
-0.01810
-0.02097
-0.02087
-0.01010
-0.00339
-0.00604
0.00281
0.00876
0.00650
0.00220
-0.00397
-0.01218
-0.01443
-0.01315
-0.01114
-0.00803
-0.00583
-0.00278
-0.00229
-0.00705
-0.01526
-0.01456
-0.01025
-0.01016
-0.00412
-0.00098
0.00208
0.00125
0.00201
0.00159
-0.00070
0.00763
0.00491
-0.00168
-0.00873
-0.01578
-0.01550
-0.01486
-0.01715
-0.02228
-0.01968
-0.01978
-0.01743
-0.00415
0.00137
0.00937
0.01361
0.00903
0.01059
0.00745
-0.00104
0.00061
-0.00153
-0.00330
-0.00058
-0.00388
-0.00430
-0.00504
-0.00787
-0.00909
-0.00394
-0.00522
-0.01279
-0.01114
-0.00552
-0.00821
-0.00882
-0.00964
-0.00919
-0.00043
0.00305
0.00537
0.00516
0.00604
0.00552
0.00275
0.00467
0.00729
0.00732
0.00970
0.00882
0.00629
0.00537
0.00562
0.00162
0.00214
0.00351
0.00607
0.01172
0.01501
0.01294
0.01031
0.01514
0.01508
0.01489
0.01324
0.00909
0.00851
0.00714
0.00803
0.00284
-0.00217
-0.00128
-0.00690
-0.00717
-0.00580
-0.00668
0.00327
0.00467
0.00162
0.00488
0.00665
0.01480
0.00934
0.00204
-0.00006
-0.00256
-0.00089
-0.00726
-0.00821
-0.00955
-0.01550
-0.01965
-0.02435
-0.02545
-0.02200
-0.01596
-0.01468
-0.01773
-0.01349
-0.01083
-0.01419
-0.01764
-0.01981
-0.01904
-0.01959
-0.02231
-0.02335
-0.02213
-0.02036
-0.01578
-0.01358
-0.00479
-0.00262
-0.00616
-0.00458
-0.00510
-0.00739
-0.00281
0.00027
0.00128
0.00858
0.00558
0.01410
0.02020
0.01587
0.01965
0.01929
0.01724
0.01511
0.01300
0.00729
0.00821
0.00974
0.00500
0.00327
0.00574
0.00790
0.00674
0.00787
0.00809
0.01010
0.01648
0.01965
0.01373
0.01065
0.01529
0.01505
0.01819
0.02179
0.02011
0.01459
0.01257
0.01031
0.00229
-0.00064
0.00058
0.00110
0.00046
0.00320
-0.00049
-0.00150
0.00418
0.00452
-0.00262
-0.00354
-0.00262
-0.00464
-0.00479
-0.00800
-0.01041
-0.01114
-0.01321
-0.01077
-0.00961
-0.00940
-0.00323
-0.00089
0.00101
-0.00293
-0.00409
-0.01031
-0.01251
-0.00888
-0.00800
-0.00183
0.00299
0.00604
0.01282
0.01303
0.00928
0.01080
0.00369
-0.00626
-0.00766
-0.00778
-0.00714
-0.00452
-0.00290
0.00031
0.00708
0.01013
0.00635
0.00955
0.01120
0.00641
0.00604
0.00623
0.00415
0.00726
0.00528
0.00177
0.00537
0.00513
0.00223
-0.00018
0.00049
0.00159
0.00726
0.00967
0.00385
-0.00183
-0.00568
-0.00571
-0.00467
-0.00433
-0.00858
-0.01236
-0.00684
-0.00146
0.00021
0.00204
0.00314
0.00537
0.00446
-0.00204
-0.00607
-0.00824
-0.00812
-0.00516
-0.00595
-0.00702
-0.00656
-0.00873
-0.00964
-0.00400
-0.00177
-0.00296
0.00598
0.01270
0.01422
0.02469
0.03183
0.02866
0.02194
0.01575
0.01291
0.01358
0.01523
0.01913
0.01813
0.01843
0.02075
0.02051
0.01880
0.01474
0.00900
0.00867
0.00998
0.01172
0.01675
0.01752
0.01465
0.01004
0.00632
0.00369
-0.00070
-0.00858
-0.01047
-0.01050
-0.01105
-0.00357
-0.00452
-0.01312
-0.02048
-0.02747
-0.02478
-0.02896
-0.03372
-0.03055
-0.02554
-0.01715
-0.01620
-0.01923
-0.01950
-0.01770
-0.01859
-0.01700
-0.01492
-0.01218
-0.00909
-0.00763
-0.00305
-0.00772
-0.01422
-0.01349
-0.01819
-0.02396
-0.02069
-0.01755
-0.01355
-0.00974
-0.00494
-0.00473
-0.00549
-0.00409
-0.00305
-0.00037
0.00003
0.00845
0.01862
0.02344
0.02991
0.02625
0.02344
0.01813
0.00610
-0.00092
-0.00632
-0.00327
-0.00214
0.00137
0.00522
0.00601
0.00635
0.00061
-0.00119
-0.00262
0.00378
0.00394
0.00925
0.02133
0.02451
0.03192
0.02560
0.01740
0.00772
-0.00372
-0.00626
-0.00485
-0.00098
0.00195
0.00876
0.01324
0.01712
0.01569
0.00916
0.00479
0.00079
-0.00119
-0.00003
-0.00305
0.00046
0.00125
0.00073
-0.00046
-0.00772
-0.00684
-0.00540
-0.01016
-0.00266
0.00009
-0.00632
-0.00293
-0.00342
-0.00903
-0.00479
-0.00159
0.00027
-0.00168
-0.00214
0.00635
0.01483
0.02179
0.01617
0.00967
0.01004
0.00916
0.00687
-0.00104
-0.00732
-0.01199
-0.00964
-0.00943
-0.01111
-0.01105
-0.00809
-0.00909
-0.01471
-0.01239
-0.00473
0.00012
-0.00406
-0.00455
-0.00220
0.00174
0.00299
0.00043
-0.00531
-0.00491
-0.00659
-0.01154
-0.01074
-0.00958
-0.01001
-0.00946
-0.00226
-0.00131
-0.00775
-0.00824
-0.00583
-0.00534
-0.00522
-0.01086
-0.01529
-0.01004
-0.01187
-0.01147
-0.00708
-0.00586
-0.00552
-0.00671
-0.00583
-0.00275
-0.00357
-0.00430
-0.00235
-0.00665
-0.00034
0.00192
0.00494
0.00800
0.00964
0.01364
0.01212
0.01276
0.01862
0.01834
0.01379
0.01593
0.01776
0.01730
0.01355
0.00513
-0.00116
-0.00375
-0.00549
-0.00562
-0.00378
-0.00308
0.00037
0.00208
-0.00229
-0.00116
0.00024
-0.00073
0.00607
0.01215
0.01227
0.01251
0.01260
0.01218
0.01404
0.01208
0.00592
0.00189
0.00201
0.00256
0.00366
0.00391
-0.00146
0.00296
-0.00143
-0.00656
-0.00378
-0.01120
-0.01474
-0.01782
-0.02328
-0.01889
-0.02124
-0.02521
-0.01718
-0.01666
-0.02185
-0.01163
-0.00531
-0.00772
-0.01031
-0.01242
-0.00613
-0.00092
0.00287
-0.00156
0.00113
0.00909
0.00546
0.00085
0.00198
0.01007
0.01068
0.01031
0.01242
0.01416
0.01669
0.01181
0.00677
0.00525
0.00555
0.00354
-0.00168
-0.00391
0.00076
0.00479
-0.00229
-0.00824
-0.00549
-0.00711
-0.00378
-0.00214
-0.00473
0.00476
0.01208
0.01215
0.01785
0.02170
0.01730
0.01227
0.00958
0.00464
0.00186
0.00140
0.00656
0.00983
0.00436
0.00452
0.00238
-0.00177
0.00140
-0.00253
0.00046
0.00647
0.00555
0.00851
0.01138
0.01401
0.00870
-0.00031
0.00342
0.00140
0.00061
0.00854
0.00464
0.00333
0.00565
0.01059
0.00623
0.00360
0.00098
-0.00607
-0.00815
-0.00769
-0.00848
-0.00851
-0.00345
-0.00977
-0.01443
-0.00583
-0.00204
-0.00714
-0.00797
-0.00406
0.00287
0.00674
0.00140
-0.00232
-0.00034
0.00058
-0.00543
-0.00684
-0.00287
-0.00507
-0.00378
0.00427
0.00549
0.00354
0.00333
-0.00327
-0.00345
-0.00327
-0.00980
-0.01285
-0.01447
-0.01944
-0.02374
-0.02301
-0.01691
-0.01175
-0.01404
-0.00958
-0.00409
-0.00150
0.00235
0.00351
0.00632
0.01202
0.01367
0.00879
0.00751
0.00827
0.00357
0.00757
0.01114
0.01328
0.01334
0.01764
0.02005
0.01483
0.01477
0.00684
-0.00403
0.00336
0.00327
0.00476
0.00137
0.00278
0.00391
-0.00247
-0.00107
-0.00513
-0.00543
-0.00168
-0.00183
-0.00198
-0.00040
0.00491
0.00604
0.00845
0.00949
0.01431
0.01807
0.01453
0.01495
0.01779
0.02109
0.02252
0.02289
0.02103
0.01678
0.01926
0.00763
-0.00174
-0.00089
-0.01300
-0.01514
-0.01059
-0.01813
-0.02353
-0.02524
-0.01712
-0.01953
-0.01776
-0.00800
-0.00613
-0.00345
0.00113
0.00467
0.00137
-0.00122
-0.00500
-0.01086
-0.00848
-0.00610
-0.00677
-0.00543
-0.00302
-0.00769
-0.00687
0.00174
0.00192
-0.00156
0.00000
0.00375
-0.00076
-0.00479
-0.00256
-0.00510
-0.00266
-0.00024
-0.00232
-0.00568
-0.00552
-0.01144
-0.01379
-0.01028
-0.00897
-0.00989
-0.01486
-0.00525
-0.00705
-0.01221
-0.00348
-0.00125
-0.00192
0.00009
0.00757
0.01056
0.01086
0.01242
0.01703
0.01559
0.01459
0.01602
0.01630
0.01465
0.00681
-0.00064
-0.00558
-0.00644
-0.01068
-0.01495
-0.00937
-0.00244
-0.00775
-0.00439
0.00491
0.00650
0.00766
0.01144
0.01453
0.01291
0.01624
0.01199
-0.00327
-0.00137
0.00235
-0.00427
-0.00717
-0.00259
0.00119
0.00708
0.01135
0.00699
0.00903
0.01273
0.00778
0.00760
0.00681
0.00137
-0.00879
-0.00461
-0.00131
-0.00198
-0.00098
-0.00070
0.00485
-0.00540
-0.00342
0.00040
-0.00504
-0.00616
-0.00696
-0.00604
-0.00134
0.00586
0.00061
0.00153
-0.00021
-0.00964
-0.00378
-0.00482
-0.00906
-0.00623
-0.00769
-0.00629
-0.01285
-0.02115
-0.01968
-0.02216
-0.02756
-0.02994
-0.02606
-0.02509
-0.02057
-0.00754
-0.00952
-0.00980
-0.01181
-0.00439
0.00510
0.00027
0.00659
0.01355
0.01547
0.01059
0.01205
0.01022
0.00098
0.00281
0.00052
0.00446
0.00504
-0.00256
-0.00555
0.00143
-0.00003
-0.00714
0.00299
0.00797
0.00101
-0.00543
0.00726
0.01120
0.00348
0.00143
0.00635
0.00510
-0.00363
-0.00107
0.00250
0.00284
-0.00089
-0.00906
0.00146
0.00684
-0.00305
-0.00241
0.00906
0.00497
-0.00034
0.00620
0.01328
0.00702
-0.00119
0.00336
0.00620
-0.00064
-0.00613
-0.01358
-0.00955
-0.01062
-0.01584
-0.00638
-0.00372
-0.00247
-0.00864
-0.01114
-0.00726
-0.00970
-0.00992
-0.00763
-0.00879
-0.00909
-0.00992
-0.00388
-0.00577
-0.00296
0.00717
0.00662
0.00897
0.00082
0.00546
0.00281
-0.00430
0.00204
-0.00348
-0.00946
-0.01767
-0.01141
-0.00577
-0.01443
-0.01334
-0.01382
-0.01044
-0.00479
-0.01413
-0.01163
-0.00311
-0.00085
0.00049
0.00055
0.00034
-0.00528
-0.00266
0.00311
-0.00470
-0.00375
-0.00406
0.00098
0.00998
0.00220
0.00354
0.00638
0.00558
-0.00241
0.00040
0.00500
-0.00198
0.00006
-0.00189
-0.00320
-0.00443
-0.00275
-0.00092
-0.00159
-0.00162
-0.00754
0.00082
0.00677
0.00464
0.00052
0.00012
0.00967
0.00491
0.00153
0.01175
0.01071
0.01047
0.01755
0.01196
0.00964
0.00928
0.01099
0.00751
0.01242
0.01605
0.00803
0.00867
0.00906
0.00623
0.01141
0.01404
0.00540
0.00842
0.01309
0.00317
-0.00031
-0.00116
-0.00116
-0.01260
-0.01089
-0.00009
-0.00568
-0.00406
-0.00278
-0.00070
0.00620
0.00357
0.00314
0.00058
0.00415
-0.00153
-0.00546
0.00018
-0.00134
-0.01035
-0.01459
-0.00958
-0.00177
-0.00995
-0.01251
0.00266
0.00168
-0.00671
0.00540
0.01019
0.00354
-0.00073
0.00131
0.00354
-0.00082
-0.00269
-0.00906
0.00021
0.00473
-0.00815
-0.00198
0.00629
0.00650
0.00577
0.00745
0.00601
0.00018
-0.00610
-0.00635
-0.00842
-0.01587
-0.01334
-0.00964
-0.01324
-0.00830
-0.00470
-0.00122
0.00043
-0.00034
-0.00281
-0.00583
-0.00244
-0.00211
-0.00540
-0.00314
-0.00723
-0.00818
-0.00259
-0.00467
-0.00433
0.00919
0.01343
0.01212
0.00662
0.00693
0.01166
0.00394
-0.00116
-0.00934
-0.00522
-0.00983
-0.01587
-0.00388
-0.00040
0.00391
-0.00204
0.00018
0.01413
0.01590
0.01184
0.01028
0.01361
-0.00348
-0.00418
0.00110
0.00027
-0.00272
-0.00351
0.00470
0.00095
0.00546
0.01007
0.01236
0.01364
-0.00247
-0.00235
-0.00189
-0.00769
0.00058
-0.00986
-0.00931
0.00229
-0.00125
-0.00186
-0.00061
0.00641
0.00439
0.00262
0.00504
-0.00040
-0.00620
-0.01566
-0.01324
-0.01215
-0.00659
-0.00708
-0.00787
0.00415
0.00958
0.00632
0.00357
0.00797
-0.00220
-0.00751
0.00278
-0.00330
-0.00818
-0.00949
-0.01657
-0.01797
-0.01074
-0.01407
-0.01447
-0.00497
-0.01144
-0.00723
0.00177
0.00717
0.00397
0.00101
0.00116
-0.00150
-0.00400
-0.00412
-0.00082
-0.00290
0.00446
0.00177
-0.00354
0.01068
0.01672
0.01993
0.01550
0.01392
0.01361
-0.00543
-0.00540
-0.00235
-0.00687
-0.01416
-0.01340
0.00223
-0.00137
0.00037
0.00894
0.01404
0.01007
0.01501
0.01822
0.00699
0.00299
0.00174
-0.00146
-0.00241
-0.00409
-0.00327
-0.00192
-0.00449
0.00986
0.01035
0.00983
0.01505
0.00909
0.01169
0.00919
-0.00220
-0.00153
0.00620
-0.00244
-0.01074
-0.00647
-0.00906
-0.01102
-0.00858
0.00217
0.00473
-0.00208
-0.00592
-0.00092
0.00092
0.00528
0.00296
-0.00732
-0.01035
-0.01733
-0.01828
-0.00894
0.00122
0.00403
0.00388
0.00766
0.01147
0.01410
0.01364
0.01416
0.00488
-0.01501
-0.02005
-0.01801
-0.01749
-0.02341
-0.01544
0.00006
0.00986
0.01422
-0.00168
-0.00003
0.00833
-0.00061
-0.00528
-0.01471
-0.01013
-0.01309
-0.01563
-0.00961
-0.00552
0.00171
0.00122
0.00879
0.02054
0.02112
0.02005
0.01398
0.01102
0.01779
0.01974
0.00830
0.00516
-0.00256
-0.00992
0.01065
0.00806
-0.00330
0.00827
0.01126
0.00974
0.00583
-0.00800
-0.00360
-0.00977
-0.01385
-0.01709
-0.02737
-0.02557
-0.02173
-0.02164
-0.01031
0.00107
0.00967
0.01178
0.02612
0.02917
0.01642
0.02426
0.00494
-0.00516
0.01080
0.00394
0.01251
0.00650
0.01410
0.01382
0.00534
0.01578
0.01224
0.00925
0.00797
0.00803
-0.00055
-0.01556
-0.00003
0.01846
0.01117
0.00714
0.00800
0.00110
-0.00034
0.00095
-0.00156
0.00049
0.01093
0.02017
0.02585
0.03751
0.02704
0.01184
-0.01822
-0.02417
-0.02399
-0.03989
-0.02603
-0.01416
-0.01306
-0.00745
0.00204
0.00302
0.00253
0.00790
0.00568
-0.00531
-0.01038
0.00171
0.00232
-0.00150
-0.00076
-0.00781
-0.04065
-0.04822
-0.03268
-0.03595
-0.03134
-0.01199
0.01135
0.03183
0.04941
0.01941
0.00726
-0.01663
-0.04010
-0.04675
-0.04907
-0.02496
-0.00568
0.01227
0.02063
0.02048
0.03003
0.01328
0.00354
-0.01083
-0.02405
-0.03137
-0.02414
0.00894
0.02863
0.04538
0.05502
0.02328
0.00992
0.00150
-0.01678
-0.02249
-0.01929
0.00186
0.03015
0.05630
0.04398
0.02835
0.01318
-0.01889
-0.02182
-0.03592
-0.04828
-0.02448
-0.02374
-0.01535
0.00397
0.02313
0.03134
0.03925
0.03317
0.00769
0.00284
-0.01956
-0.03784
-0.02448
0.01575
0.03143
0.02115
0.03479
0.03711
0.02606
0.01053
0.00037
0.00690
0.02426
0.01855
-0.01120
-0.03683
-0.05499
-0.03610
-0.03391
-0.02750
0.01099
0.03101
0.02380
0.01453
0.01196
0.01187
-0.00867
-0.02805
-0.03714
-0.03128
-0.01581
0.01154
0.02847
0.05087
0.10135
0.08173
0.03564
0.01721
-0.01010
-0.04468
-0.05887
-0.03473
0.00009
0.04807
0.07001
0.05313
-0.00104
-0.04218
-0.05002
-0.06583
-0.06055
-0.02515
-0.01749
-0.01889
0.00656
0.02048
0.03061
0.01614
-0.02039
-0.05417
-0.06113
-0.04651
-0.03284
0.01419
0.06287
0.07614
0.04544
0.02832
-0.00769
-0.04169
-0.05649
-0.05829
-0.01828
0.05215
0.08575
0.10959
0.10410
0.03714
-0.00226
-0.04510
-0.07004
-0.05753
-0.03564
-0.04251
-0.05624
0.01117
0.05615
0.06485
0.04358
0.00259
-0.04175
-0.07370
-0.06033
-0.06390
-0.01337
0.05493
0.07993
0.08615
0.06104
0.03180
-0.01837
-0.06467
-0.06839
-0.02713
0.03717
0.06683
0.09442
0.08755
0.03568
0.00714
-0.03113
-0.07373
-0.04126
-0.03232
-0.07263
-0.06955
-0.02145
0.03784
0.04755
0.03870
0.01077
-0.04846
-0.06262
-0.07904
-0.09412
-0.01910
0.05563
0.05963
0.07950
0.06677
0.02490
-0.01794
-0.05011
-0.05423
-0.01608
0.01556
0.02145
0.05051
0.04175
0.01553
0.00256
-0.03970
-0.03751
-0.01309
-0.03406
-0.07712
-0.05170
-0.00162
0.04041
0.06781
0.05154
0.00119
-0.03448
-0.03751
-0.09152
-0.10397
-0.00601
0.04993
0.06250
0.08936
0.09451
0.04156
-0.01263
-0.03809
-0.05545
-0.03104
-0.01468
0.00586
0.03580
0.01886
0.01358
0.00357
-0.02789
-0.00290
0.01077
-0.05945
-0.10156
-0.05118
-0.00690
0.02496
0.07910
0.05997
0.01093
0.00812
-0.01868
-0.09036
-0.07291
0.00845
0.02252
0.03894
0.08072
0.08444
0.05353
0.03741
-0.00293
-0.01782
-0.00360
-0.00189
-0.00800
-0.00562
-0.00177
-0.00388
-0.01376
-0.02924
-0.01746
-0.03247
-0.09579
-0.10974
-0.08313
-0.03299
0.02493
0.05847
0.05219
0.04556
0.04034
-0.01532
-0.06308
-0.00125
0.02393
0.01974
0.04355
0.07153
0.07971
0.07309
0.05591
0.02020
0.04211
0.04300
0.01572
-0.01700
-0.01767
-0.02936
-0.04047
-0.03354
-0.02786
-0.01392
-0.06943
-0.11569
-0.09534
-0.07324
-0.03519
0.01239
0.02374
-0.00693
0.00800
-0.00171
-0.06604
-0.06772
0.00858
0.02432
0.02771
0.05670
0.06320
0.06580
0.04675
0.00815
0.02499
0.05295
0.03897
0.03387
0.02966
0.00372
0.00018
-0.00336
-0.01804
-0.00763
-0.01505
-0.08609
-0.11060
-0.06882
-0.03470
-0.00183
0.03500
0.01749
-0.00659
-0.01205
-0.03391
-0.07370
-0.04721
0.02216
0.03348
0.03833
0.05106
0.07321
0.06210
0.02838
0.02029
0.05264
0.05792
0.04507
0.04895
0.03214
0.01993
0.00931
-0.00436
-0.01740
-0.01047
-0.03568
-0.10532
-0.09628
-0.05936
-0.02396
0.01331
0.03870
-0.00223
-0.01639
-0.00235
-0.06201
-0.07828
-0.02170
0.01227
0.03033
0.02866
0.04688
0.05988
0.04980
0.00885
0.01682
0.06281
0.04797
0.04074
0.05389
0.03403
0.01477
-0.01602
-0.03461
-0.02423
-0.02954
-0.07571
-0.10831
-0.08545
-0.04010
0.00577
0.02924
0.00333
-0.01770
-0.01456
-0.03809
-0.07932
-0.06705
-0.01141
0.01917
0.05408
0.05634
0.04834
0.06070
0.01666
-0.00955
0.04556
0.06122
0.04352
0.06277
0.07394
0.04926
0.03928
0.00385
-0.03769
-0.01962
-0.03302
-0.09198
-0.07523
-0.04077
-0.00668
0.03091
0.02737
-0.02927
-0.04266
-0.03854
-0.08078
-0.09918
-0.04553
0.00992
0.05820
0.09106
0.07761
0.07861
0.05750
-0.01169
-0.00769
0.03833
0.02737
0.01718
0.06522
0.08221
0.05859
0.03900
-0.01007
-0.03806
-0.03702
-0.08478
-0.12424
-0.08133
-0.03961
-0.00751
0.03571
0.00781
-0.04831
-0.03168
-0.03860
-0.08585
-0.08420
-0.02530
0.01498
0.05142
0.08221
0.08194
0.09695
0.05490
0.00003
0.03287
0.06070
0.02960
0.03854
0.08798
0.07394
0.06351
0.02835
-0.02371
-0.02759
-0.03848
-0.10681
-0.11929
-0.05899
-0.03671
0.00610
0.03058
-0.04657
-0.08133
-0.06155
-0.09177
-0.12875
-0.09247
-0.03204
0.02170
0.07925
0.09360
0.10007
0.09512
0.02588
0.01102
0.05750
0.02905
0.01743
0.06992
0.08316
0.07498
0.07217
0.01730
-0.03394
-0.02258
-0.07053
-0.15436
-0.10349
-0.07040
-0.04651
0.02863
0.03207
-0.02087
-0.03250
-0.01654
-0.06927
-0.12827
-0.08780
-0.05585
-0.00070
0.04788
0.07468
0.11893
0.09686
0.04294
0.06482
0.07626
0.02148
0.01990
0.06409
0.06223
0.04364
0.03781
0.00537
-0.02271
-0.01404
-0.06644
-0.10574
-0.07132
-0.05191
-0.03983
-0.01498
-0.03619
-0.04279
-0.01764
-0.00391
-0.03519
-0.05676
-0.03119
-0.00824
0.02023
0.03531
0.06396
0.11520
0.05481
0.03378
0.10031
0.06577
0.03180
0.06549
0.06772
0.05014
0.03314
0.00516
-0.03186
-0.03702
-0.06302
-0.12390
-0.09332
-0.05661
-0.05154
-0.01584
-0.02676
-0.06851
-0.04523
-0.01218
-0.02292
-0.04477
-0.02713
-0.00217
0.00760
0.02176
0.02719
0.06949
0.08612
0.03046
0.04208
0.08246
0.00967
0.02020
0.08307
0.05344
0.04471
0.03250
-0.02798
-0.06317
-0.04651
-0.12042
-0.15842
-0.08987
-0.07315
-0.05948
-0.00458
-0.02264
-0.06885
-0.02289
0.02481
-0.01801
-0.04190
0.00693
0.03934
0.05438
0.05930
0.06622
0.10782
0.07040
0.02872
0.06113
0.03705
-0.01663
0.02597
0.06284
0.04587
0.04199
0.03088
-0.01541
-0.02481
-0.05008
-0.13199
-0.11868
-0.05927
-0.04886
-0.02164
0.00906
-0.01480
-0.03763
0.00876
0.02164
-0.03406
-0.01059
0.02032
0.02887
0.03937
0.04224
0.08896
0.10217
0.05685
0.05331
0.07190
0.02158
0.01196
0.05841
0.06149
0.03336
0.01804
-0.01163
-0.04852
-0.03903
-0.10770
-0.13342
-0.09482
-0.09323
-0.06241
-0.02838
-0.03690
-0.04694
-0.03253
-0.00177
-0.01920
-0.03091
0.00577
0.01974
0.04718
0.04962
0.05115
0.11203
0.09302
0.04520
0.08826
0.07645
0.01639
0.06442
0.09079
0.06827
0.03131
0.00244
-0.04031
-0.05142
-0.06473
-0.15540
-0.13641
-0.09201
-0.09467
-0.06277
-0.01602
-0.05093
-0.06818
-0.01709
-0.00772
-0.04916
-0.02322
0.01126
0.02835
0.05035
0.06244
0.10031
0.11624
0.06558
0.05130
0.08664
0.02597
0.00388
0.06161
0.04404
0.01779
0.01337
0.00598
-0.03940
-0.03717
-0.09378
-0.13467
-0.10385
-0.09091
-0.06375
-0.04456
-0.02460
-0.03876
-0.03546
0.00693
-0.01575
-0.03857
0.00262
0.00629
0.02454
0.03424
0.05249
0.11945
0.09579
0.06543
0.10822
0.09811
0.03806
0.05386
0.06250
0.03705
0.01141
-0.00281
-0.01913
-0.01669
-0.03888
-0.11575
-0.10938
-0.09052
-0.09644
-0.07373
-0.02383
-0.04312
-0.04602
-0.00363
0.01120
-0.02216
-0.00562
0.03369
0.02441
0.03601
0.03516
0.05945
0.09540
0.04504
0.06790
0.11786
0.06104
0.04642
0.08163
0.04868
0.00266
-0.02612
-0.04630
-0.05637
-0.04138
-0.08630
-0.11288
-0.08994
-0.08597
-0.09579
-0.06546
-0.05573
-0.08392
-0.05789
-0.01605
-0.02881
-0.02167
0.04410
0.06647
0.06424
0.06747
0.07352
0.10065
0.07056
0.04645
0.08923
0.09042
0.03473
0.07294
0.07806
0.04279
-0.02069
-0.05701
-0.05237
-0.05988
-0.07422
-0.10980
-0.09277
-0.08994
-0.07816
-0.05557
-0.03845
-0.03168
-0.05902
-0.01639
0.00662
-0.01923
0.01593
0.06201
0.07950
0.08261
0.07590
0.09338
0.10080
0.03583
0.04086
0.10852
0.05423
0.03391
0.08218
0.04984
-0.00272
-0.06085
-0.08405
-0.07697
-0.06076
-0.09674
-0.10306
-0.07590
-0.07477
-0.05792
-0.03781
-0.03024
-0.06635
-0.05951
0.00266
-0.00415
0.00583
0.05603
0.07275
0.07996
0.06485
0.06461
0.08682
0.05136
0.00894
0.06509
0.10129
0.06909
0.09320
0.09689
0.05609
-0.02328
-0.07101
-0.09900
-0.10452
-0.10190
-0.12845
-0.08859
-0.07541
-0.06619
-0.03384
-0.02667
-0.06107
-0.09326
-0.06329
-0.02008
-0.02304
0.03073
0.10010
0.10104
0.10648
0.08337
0.07733
0.07016
0.00836
0.01181
0.06485
0.05634
0.06494
0.11627
0.10022
0.04443
-0.04352
-0.08890
-0.10968
-0.10855
-0.15350
-0.13364
-0.07388
-0.06445
-0.03357
-0.00858
-0.01212
-0.06042
-0.07010
-0.04208
-0.04395
-0.02753
0.04282
0.09558
0.09677
0.09366
0.08026
0.10211
0.05637
-0.00027
0.05246
0.06247
0.03091
0.10104
0.12122
0.07153
0.03149
-0.03751
-0.07938
-0.07565
-0.13293
-0.16562
-0.11847
-0.09155
-0.06937
-0.02701
0.00952
-0.04529
-0.07498
-0.04108
-0.03738
-0.04178
0.00253
0.07602
0.10132
0.11636
0.09592
0.10049
0.12024
0.03647
0.02225
0.07318
0.03046
0.03510
0.10556
0.09586
0.05005
-0.00800
-0.05145
-0.07639
-0.08459
-0.14886
-0.15237
-0.10565
-0.10281
-0.08191
-0.03287
-0.02423
-0.07877
-0.06592
-0.00943
-0.04373
-0.03677
0.03802
0.09476
0.11618
0.10602
0.10382
0.12024
0.08759
0.03116
0.06735
0.06622
0.01511
0.08325
0.10468
0.07513
0.02499
-0.03802
-0.08438
-0.08929
-0.12073
-0.16190
-0.12552
-0.11243
-0.09454
-0.03485
-0.02002
-0.05838
-0.09256
-0.06372
-0.03766
-0.06573
-0.00055
0.07693
0.09949
0.14145
0.11783
0.11060
0.12488
0.05780
0.04150
0.08856
0.05502
0.05383
0.11508
0.09778
0.05127
-0.00079
-0.03580
-0.07324
-0.09555
-0.18533
-0.16306
-0.11273
-0.11667
-0.07227
-0.01459
-0.02927
-0.09354
-0.07617
-0.03781
-0.06104
-0.06171
0.02112
0.07495
0.11154
0.13074
0.10617
0.11905
0.09711
0.04510
0.07010
0.08432
0.03604
0.08847
0.11288
0.08801
0.02432
-0.02686
-0.05243
-0.05957
-0.12427
-0.19321
-0.14307
-0.12054
-0.09808
-0.03574
-0.00922
-0.04886
-0.10046
-0.02954
-0.02301
-0.06619
-0.02658
0.03900
0.07343
0.12106
0.12018
0.10352
0.11945
0.06281
0.04343
0.10172
0.04346
0.04202
0.11020
0.09396
0.06525
0.01227
-0.02243
-0.06158
-0.06677
-0.15347
-0.16086
-0.10236
-0.11414
-0.09103
-0.02026
-0.01529
-0.08325
-0.06427
-0.00513
-0.05994
-0.05261
0.01538
0.03906
0.08243
0.10382
0.08704
0.11932
0.10474
0.04419
0.07050
0.08606
0.01709
0.06833
0.08719
0.07663
0.02823
-0.00330
-0.02597
-0.04514
-0.09601
-0.16953
-0.11319
-0.10916
-0.10895
-0.04855
-0.01520
-0.03809
-0.09601
-0.00723
-0.01349
-0.05463
-0.00714
0.03699
0.06308
0.08685
0.08493
0.09436
0.11102
0.07718
0.03720
0.08276
0.04706
0.02139
0.07452
0.05032
0.02979
-0.01398
-0.02692
-0.03882
-0.05280
-0.14960
-0.15811
-0.10455
-0.11520
-0.08975
-0.03497
-0.02100
-0.07227
-0.04520
0.02789
-0.02155
-0.02921
0.03720
0.05463
0.08087
0.09439
0.05478
0.10019
0.09451
0.03009
0.06482
0.07251
0.00400
0.07068
0.08771
0.05731
0.02011
-0.00223
-0.04544
-0.05905
-0.10275
-0.18399
-0.12231
-0.10544
-0.10782
-0.06442
-0.01114
-0.02991
-0.08212
-0.01086
0.00909
-0.05267
-0.00958
0.04968
0.05328
0.10638
0.08014
0.07404
0.10596
0.07471
0.03662
0.08829
0.05511
0.00940
0.11246
0.09323
0.06546
0.03314
-0.02191
-0.05563
-0.05807
-0.17099
-0.18948
-0.10089
-0.11005
-0.10818
-0.04422
-0.03394
-0.07971
-0.05679
0.02167
-0.03809
-0.04160
0.03754
0.06256
0.08319
0.10617
0.08456
0.11966
0.13068
0.06790
0.06027
0.08255
0.01108
0.05963
0.11041
0.08212
0.04660
-0.00226
-0.04559
-0.05322
-0.09909
-0.20743
-0.14328
-0.09546
-0.10959
-0.07016
-0.00543
-0.03268
-0.08713
0.00546
0.00854
-0.07074
-0.01877
0.05151
0.04285
0.07404
0.08426
0.07236
0.11847
0.10449
0.03046
0.08191
0.05838
0.01920
0.10532
0.07034
0.07837
0.03189
-0.00177
-0.02911
-0.04141
-0.11398
-0.17407
-0.09338
-0.09354
-0.11844
-0.03592
-0.02792
-0.10526
-0.08560
0.01215
-0.04080
-0.06656
0.01468
0.05713
0.07309
0.09793
0.07959
0.08350
0.12012
0.06302
0.02881
0.08569
0.00696
0.05893
0.09824
0.07840
0.06909
0.00482
-0.01758
-0.03220
-0.06815
-0.16953
-0.13013
-0.08063
-0.11646
-0.09097
-0.01212
-0.03391
-0.09726
-0.01740
0.00815
-0.06839
-0.02405
0.05811
0.05804
0.08804
0.07047
0.07855
0.11487
0.07437
0.00586
0.03952
0.03265
-0.01917
0.08310
0.08755
0.07474
0.03854
0.00000
-0.03265
-0.02426
-0.11160
-0.19327
-0.10208
-0.09991
-0.11157
-0.05276
-0.00327
-0.04495
-0.06775
0.04996
-0.01675
-0.07706
0.00797
0.05695
0.08832
0.09741
0.06250
0.10361
0.12863
0.05002
0.00046
0.04797
-0.01978
0.00888
0.08472
0.06384
0.03876
0.00436
-0.03656
-0.06769
-0.03528
-0.16858
-0.15802
-0.08743
-0.12308
-0.09314
-0.01956
0.00848
-0.08301
-0.00543
0.05597
-0.05667
-0.05862
0.02936
0.06769
0.09409
0.09320
0.08353
0.12769
0.10101
0.01926
0.03989
0.05927
-0.02017
0.06375
0.10461
0.05429
0.01587
-0.02368
-0.07361
-0.06113
-0.09424
-0.18137
-0.11597
-0.10104
-0.13406
-0.08621
0.01248
-0.02057
-0.05228
0.04965
0.01129
-0.06488
-0.01538
0.06766
0.09991
0.11856
0.08090
0.12180
0.14420
0.05585
0.00677
0.06491
0.00787
-0.00800
0.10938
0.08475
0.04166
-0.00729
-0.04456
-0.07147
-0.05151
-0.13818
-0.18713
-0.10251
-0.11142
-0.13165
-0.04944
0.01193
-0.04721
0.00055
0.07709
-0.04575
-0.06311
0.00726
0.08032
0.10522
0.08279
0.09082
0.14606
0.12778
0.01620
0.02448
0.06186
-0.04178
0.04938
0.09015
0.05646
0.02679
-0.03302
-0.06503
-0.05270
-0.03452
-0.15158
-0.12195
-0.09277
-0.14752
-0.11343
-0.02710
-0.01880
-0.05707
0.04651
0.04425
-0.06085
-0.03528
0.05402
0.08859
0.09918
0.07452
0.09460
0.15265
0.08966
-0.00525
0.05896
0.01715
-0.02136
0.09927
0.08377
0.05063
-0.02472
-0.06854
-0.09842
-0.05093
-0.08591
-0.16833
-0.07855
-0.10239
-0.14807
-0.05405
0.01462
-0.04382
-0.01971
0.08960
-0.01071
-0.06931
-0.01144
0.07382
0.10767
0.09073
0.07483
0.13809
0.15039
0.03711
0.01495
0.06970
-0.01102
0.04590
0.11453
0.08286
0.02747
-0.04263
-0.07343
-0.06628
-0.04626
-0.15768
-0.13748
-0.07712
-0.13596
-0.12042
-0.02356
0.00250
-0.07025
0.04160
0.07678
-0.06192
-0.07172
0.00919
0.10059
0.10559
0.07721
0.09894
0.14905
0.10587
-0.00687
0.03516
0.02161
-0.04623
0.08557
0.11093
0.06403
0.00681
-0.06512
-0.08014
-0.02362
-0.05963
-0.16360
-0.09726
-0.09366
-0.14719
-0.08353
0.03943
-0.02655
-0.04123
0.07755
-0.00449
-0.09003
-0.06464
0.05624
0.12833
0.10968
0.09949
0.13245
0.16409
0.04785
-0.00150
0.06003
-0.02658
0.00864
0.11243
0.08279
0.05679
-0.01462
-0.06125
-0.07590
-0.02380
-0.13358
-0.18140
-0.07913
-0.14438
-0.16718
-0.03012
0.02112
-0.03766
0.01227
0.06485
-0.06686
-0.10486
-0.00931
0.07202
0.12054
0.08109
0.08371
0.15164
0.11838
0.00659
0.01862
0.01697
-0.04379
0.07089
0.10962
0.08832
0.03403
-0.04037
-0.05878
-0.04117
-0.03540
-0.18866
-0.12997
-0.08139
-0.15149
-0.10391
0.01413
0.03043
-0.03281
0.07324
0.04617
-0.09299
-0.07602
0.01117
0.11057
0.08978
0.05823
0.10114
0.15475
0.06946
-0.01981
0.03006
-0.03519
-0.02002
0.11319
0.08188
0.07449
-0.00290
-0.04572
-0.05029
0.00259
-0.07794
-0.20074
-0.09735
-0.11887
-0.17056
-0.05557
0.03940
-0.02344
0.00589
0.10522
-0.00659
-0.08762
-0.05917
0.07336
0.12387
0.08118
0.07889
0.12894
0.13882
0.03375
0.00839
0.02783
-0.06244
0.03162
0.08801
0.05130
0.04596
-0.05222
-0.05783
-0.03265
0.00165
-0.13153
-0.14932
-0.06934
-0.14420
-0.12357
0.02966
0.04163
-0.05051
0.04984
0.05341
-0.05063
-0.08887
-0.02252
0.11435
0.11841
0.07095
0.08798
0.14453
0.07474
-0.00485
0.02902
-0.01160
-0.02795
0.09436
0.08673
0.06625
0.00156
-0.06213
-0.05719
-0.02969
-0.04129
-0.19373
-0.11914
-0.10138
-0.16019
-0.05679
0.04086
0.02472
-0.02701
0.06808
0.02567
-0.09119
-0.07700
0.04056
0.13452
0.09641
0.08102
0.12839
0.12888
0.03561
0.00006
0.01465
-0.06638
0.01584
0.09702
0.07053
0.06470
-0.04358
-0.04999
-0.05054
0.01337
-0.10529
-0.19382
-0.10623
-0.15347
-0.13364
-0.01764
0.06955
-0.03137
0.01892
0.07986
-0.03445
-0.07184
-0.06683
0.10144
0.13831
0.09366
0.10052
0.13000
0.09369
-0.02353
-0.00629
-0.03574
-0.06808
0.05927
0.08438
0.08710
0.04202
-0.03964
-0.03970
-0.01776
-0.02859
-0.19815
-0.15924
-0.12323
-0.17642
-0.11298
0.05081
0.05511
-0.01816
0.08746
0.03412
-0.06061
-0.09473
-0.00803
0.14072
0.10403
0.09033
0.14944
0.16779
0.08008
0.00632
0.00934
-0.06561
-0.02139
0.07736
0.04749
0.07065
-0.03415
-0.03622
-0.03693
-0.00653
-0.07822
-0.22113
-0.11096
-0.16394
-0.17416
-0.03845
0.06006
0.02652
0.00656
0.07596
-0.00531
-0.08789
-0.08838
0.07669
0.16290
0.08557
0.08670
0.15454
0.14560
0.04761
0.02454
-0.02112
-0.05157
0.07205
0.08896
0.07935
0.02939
-0.06696
-0.04538
-0.04620
0.01614
-0.16159
-0.19019
-0.10345
-0.18301
-0.13098
-0.02393
0.06235
-0.01669
0.02493
0.05695
-0.03763
-0.10519
-0.04257
0.13385
0.11975
0.07251
0.10776
0.14297
0.08441
0.01468
0.01099
-0.04825
-0.00677
0.09995
0.10208
0.10327
0.01013
-0.03894
-0.04669
-0.02588
-0.04758
-0.22772
-0.14908
-0.13217
-0.13846
-0.06470
0.06247
0.04489
-0.01208
0.06085
0.01410
-0.08322
-0.15402
0.02426
0.16217
0.10284
0.10678
0.12473
0.15131
0.04987
0.01706
-0.02216
-0.07361
0.03094
0.10971
0.11279
0.09430
-0.00629
-0.02118
-0.05283
-0.01184
-0.11636
-0.22339
-0.14163
-0.16858
-0.16037
-0.01987
0.08075
0.01257
0.01749
0.05792
-0.01343
-0.13199
-0.13321
0.09689
0.14664
0.09631
0.13004
0.17154
0.12845
0.04578
0.01575
-0.05936
-0.06485
0.07990
0.11169
0.11887
0.06918
-0.02023
-0.01895
-0.02420
-0.01834
-0.20798
-0.18646
-0.12460
-0.17380
-0.08463
0.06467
0.07721
-0.00226
0.04242
0.02524
-0.07285
-0.17953
-0.06876
0.10934
0.10797
0.10214
0.12634
0.16766
0.07788
-0.00339
-0.03720
-0.08258
-0.01733
0.07654
0.12741
0.13672
0.03476
0.00922
-0.03064
-0.01208
-0.06528
-0.23572
-0.17563
-0.16309
-0.16306
-0.04132
0.09802
0.06046
-0.00583
0.03159
0.03391
-0.10587
-0.17789
0.03653
0.12430
0.11908
0.10660
0.14807
0.14352
0.03491
0.00763
-0.07285
-0.07974
0.00394
0.10535
0.14810
0.10516
-0.00162
-0.00290
-0.04843
-0.00378
-0.14175
-0.24896
-0.13309
-0.17297
-0.13000
-0.00110
0.09473
0.05835
0.01450
0.05338
-0.03799
-0.16446
-0.11368
0.09158
0.13272
0.10474
0.13019
0.16812
0.10373
0.05292
-0.03299
-0.09573
-0.05374
0.04529
0.13474
0.12933
0.08237
0.00079
-0.03299
-0.00244
-0.01688
-0.20422
-0.20605
-0.16223
-0.18655
-0.10632
0.06479
0.06726
0.00177
0.03647
0.05792
-0.06979
-0.18933
-0.02850
0.12912
0.11798
0.12323
0.13901
0.15540
0.10220
0.04425
-0.04941
-0.07797
-0.04175
0.08066
0.10089
0.10202
-0.01331
-0.01895
-0.02942
-0.01987
-0.07059
-0.21667
-0.13309
-0.16843
-0.16724
-0.03491
0.08261
0.07458
0.01102
0.03009
0.00232
-0.13699
-0.16385
0.05814
0.12030
0.12204
0.11496
0.13504
0.14001
0.06140
-0.01703
-0.07523
-0.05017
0.02161
0.11771
0.15750
0.09665
0.00989
-0.01599
-0.04462
-0.00284
-0.16577
-0.23004
-0.15134
-0.20493
-0.14902
0.01364
0.09491
0.04712
0.02249
0.05853
-0.03885
-0.17844
-0.07422
0.10983
0.16138
0.14291
0.12527
0.16779
0.12003
0.03949
-0.06488
-0.07785
-0.03693
0.06418
0.15692
0.13901
0.04697
-0.00656
-0.02145
-0.02945
-0.02911
-0.23630
-0.21924
-0.16412
-0.19394
-0.10474
0.04007
0.09436
0.01794
0.03403
0.03616
-0.12094
-0.17712
-0.03772
0.13751
0.17322
0.14349
0.14343
0.16159
0.09796
0.00494
-0.07126
-0.08038
-0.04489
0.11792
0.14114
0.12149
0.03171
-0.03442
-0.03397
0.01428
-0.08594
-0.27878
-0.18170
-0.16919
-0.17041
-0.02783
0.09427
0.06314
0.02310
0.07516
-0.00739
-0.17456
-0.15546
0.05145
0.15598
0.16522
0.12900
0.12653
0.13885
0.07892
-0.04608
-0.08829
-0.07571
0.01669
0.14261
0.14124
0.10098
-0.00595
-0.02460
-0.01959
0.00485
-0.17480
-0.24539
-0.15387
-0.19324
-0.14066
0.03122
0.10596
0.03378
0.01413
0.03775
-0.09555
-0.20776
-0.10617
0.09280
0.18033
0.17752
0.12482
0.15134
0.12076
0.02429
-0.07590
-0.08105
-0.04663
0.07407
0.16995
0.15744
0.03442
-0.00369
-0.04114
-0.00253
-0.04144
-0.26190
-0.22028
-0.20752
-0.21603
-0.07516
0.06863
0.11349
0.04941
0.04584
0.02463
-0.11816
-0.16776
-0.04434
0.13858
0.21710
0.13568
0.10669
0.16321
0.08868
-0.03522
-0.07648
-0.05862
-0.05701
0.12924
0.19186
0.11703
0.02353
-0.02274
-0.00522
0.00949
-0.10153
-0.26260
-0.21738
-0.18256
-0.18475
-0.02582
0.09698
0.08673
0.04102
0.03482
-0.04431
-0.16666
-0.17136
0.02698
0.19070
0.20370
0.12344
0.10403
0.14084
0.04742
-0.07635
-0.06750
-0.09174
0.02991
0.17172
0.17535
0.11823
0.00934
-0.02216
-0.00262
0.00247
-0.19525
-0.27124
-0.17746
-0.19434
-0.13159
0.04968
0.10956
0.06717
0.03592
0.02951
-0.11038
-0.20041
-0.13702
0.06757
0.22891
0.17245
0.10687
0.13745
0.12949
0.00879
-0.07422
-0.03940
-0.07153
0.09454
0.18866
0.15427
0.07260
-0.00940
-0.00894
0.02078
-0.05652
-0.24854
-0.23727
-0.17615
-0.21014
-0.07663
0.07925
0.10248
0.04489
0.02045
-0.02658
-0.15176
-0.17371
-0.07129
0.15594
0.24252
0.13947
0.11087
0.16257
0.08673
-0.05392
-0.07410
-0.07166
-0.03827
0.12454
0.20419
0.13629
0.00867
-0.00467
-0.01526
-0.00623
-0.11691
-0.27902
-0.21143
-0.20541
-0.16516
0.01111
0.08179
0.12549
0.04929
0.01465
-0.05457
-0.14886
-0.16855
0.00259
0.22116
0.20920
0.07880
0.11462
0.15759
0.02753
-0.08725
-0.06046
-0.08383
0.00974
0.16809
0.17972
0.07486
-0.00879
-0.00058
0.00461
-0.01614
-0.18503
-0.27786
-0.19202
-0.19193
-0.11551
0.03748
0.09247
0.11249
0.02481
-0.00778
-0.08194
-0.17151
-0.15225
0.09280
0.24713
0.15082
0.06577
0.14423
0.12869
-0.00266
-0.05832
-0.06308
-0.06827
0.10239
0.20953
0.15088
0.05527
-0.00156
0.01126
0.02164
-0.06396
-0.24780
-0.27872
-0.17618
-0.18765
-0.06659
0.05188
0.09808
0.08435
0.00226
-0.02582
-0.12027
-0.18448
-0.08426
0.18716
0.24216
0.08936
0.07654
0.14520
0.08514
-0.05862
-0.05807
-0.07477
-0.06699
0.14825
0.17136
0.10736
0.01459
-0.00891
0.04080
-0.00360
-0.09647
-0.27161
-0.20181
-0.16019
-0.15985
0.00723
0.06680
0.14465
0.05957
0.00015
-0.06104
-0.13547
-0.16873
-0.00797
0.25870
0.19626
0.05533
0.11502
0.15881
0.03012
-0.06656
-0.03534
-0.07065
0.00305
0.19467
0.18433
0.05215
-0.00659
-0.00262
0.00275
-0.03821
-0.18195
-0.30075
-0.19348
-0.16302
-0.10165
0.01379
0.11124
0.13629
-0.00488
-0.00912
-0.07278
-0.13278
-0.13535
0.15167
0.28864
0.10883
0.08435
0.13013
0.12601
-0.01846
-0.08038
-0.07718
-0.09860
0.11285
0.21307
0.15433
0.04236
-0.01566
0.03513
-0.00510
-0.08636
-0.26044
-0.29349
-0.16846
-0.15814
-0.02826
0.02863
0.14728
0.12186
-0.02518
-0.04611
-0.09109
-0.17001
-0.10046
0.23877
0.24390
0.07153
0.07755
0.15329
0.11462
-0.04788
-0.05209
-0.09225
-0.06213
0.17139
0.19736
0.09805
0.00104
-0.01691
0.03104
-0.02652
-0.13126
-0.31757
-0.26266
-0.13489
-0.14484
-0.01736
0.07751
0.13797
0.03790
-0.01566
-0.04153
-0.10599
-0.18289
0.02701
0.29083
0.18314
0.07962
0.08420
0.13770
0.05643
-0.08191
-0.05240
-0.07605
0.02475
0.21216
0.18188
0.07367
-0.01791
0.03320
0.02106
-0.09442
-0.19693
-0.32184
-0.21762
-0.16483
-0.10559
-0.01996
0.10104
0.14120
-0.01270
-0.03360
-0.06174
-0.14038
-0.13840
0.17499
0.29071
0.13251
0.08926
0.14447
0.15366
0.01144
-0.07327
-0.07056
-0.08176
0.10168
0.22150
0.13956
0.01950
-0.00732
0.03659
-0.03967
-0.11017
-0.26181
-0.31485
-0.16071
-0.15744
-0.03851
0.02429
0.17361
0.11310
-0.05087
-0.02322
-0.09436
-0.16837
-0.08063
0.23709
0.24118
0.05984
0.06766
0.14255
0.09381
-0.03110
-0.05783
-0.05316
-0.05313
0.16956
0.24136
0.09891
0.01324
0.03671
0.04572
-0.05231
-0.13605
-0.30142
-0.27490
-0.15088
-0.15280
-0.06583
0.02847
0.17557
0.01883
-0.06055
-0.04471
-0.09497
-0.17099
0.04858
0.30142
0.16019
0.05573
0.10068
0.15567
0.05981
-0.04791
-0.04987
-0.09311
0.03958
0.22516
0.19638
0.07889
-0.01831
0.03467
0.01462
-0.08615
-0.19162
-0.34799
-0.17697
-0.14056
-0.11102
-0.01566
0.07095
0.16623
-0.04321
-0.04822
-0.05121
-0.14490
-0.13480
0.14688
0.28366
0.11475
0.03256
0.10309
0.14468
-0.00034
-0.05356
-0.05707
-0.06631
0.11380
0.22974
0.16360
0.01492
-0.00320
0.06241
-0.04065
-0.10629
-0.24283
-0.28598
-0.13757
-0.15140
-0.07352
0.00217
0.15515
0.10257
-0.06812
-0.04758
-0.06302
-0.15231
-0.07364
0.23389
0.22284
0.09528
0.07440
0.12860
0.09402
-0.03882
-0.05563
-0.06073
-0.04584
0.18286
0.22549
0.10211
0.02252
0.03610
0.03473
-0.08017
-0.13284
-0.29279
-0.24979
-0.13681
-0.16229
-0.05710
0.02777
0.17960
0.02527
-0.07709
-0.04117
-0.09286
-0.15115
0.03552
0.27802
0.17758
0.05856
0.08670
0.17380
0.05246
-0.06680
-0.02975
-0.09537
-0.00220
0.25061
0.19183
0.04071
0.00592
0.05835
-0.02371
-0.10580
-0.17795
-0.34579
-0.18448
-0.10806
-0.11557
-0.04233
0.11505
0.20728
-0.03833
-0.04584
-0.03564
-0.12463
-0.14377
0.13919
0.26581
0.10553
0.06110
0.09177
0.12885
0.01587
-0.06958
-0.05203
-0.09402
0.10529
0.25989
0.15073
0.04810
0.00162
0.07230
-0.06015
-0.11655
-0.24139
-0.32596
-0.13083
-0.15442
-0.09042
-0.02505
0.14328
0.13068
-0.06445
-0.04114
-0.05405
-0.13095
-0.07419
0.22330
0.25085
0.09375
0.03299
0.12936
0.10443
-0.03577
-0.03546
-0.06125
-0.08084
0.16373
0.23337
0.09018
0.00800
0.05655
0.03345
-0.09341
-0.11844
-0.29004
-0.25128
-0.10754
-0.15228
-0.09628
0.00543
0.20871
0.03333
-0.06839
-0.02570
-0.06467
-0.14383
0.01016
0.26917
0.18610
0.07513
0.07199
0.15234
0.07278
-0.06497
-0.03085
-0.08472
-0.00531
0.24527
0.18625
0.04703
0.02792
0.06403
-0.02408
-0.12991
-0.19229
-0.31818
-0.20886
-0.14462
-0.15729
-0.07718
0.09146
0.21320
-0.02475
-0.09363
-0.03131
-0.09070
-0.13297
0.11111
0.26907
0.13208
0.04294
0.11743
0.14584
0.00842
-0.04205
-0.05566
-0.12628
0.08713
0.26675
0.13699
0.03592
0.06470
0.06680
-0.06055
-0.13635
-0.22296
-0.31116
-0.14502
-0.11761
-0.13672
-0.05014
0.16849
0.16367
-0.07230
-0.07266
-0.03589
-0.11542
-0.09964
0.17810
0.22537
0.08481
0.05927
0.14648
0.12708
-0.01306
-0.01959
-0.06021
-0.08740
0.16626
0.24564
0.10147
0.04382
0.06979
0.00485
-0.09280
-0.13708
-0.30154
-0.26340
-0.11206
-0.16055
-0.13080
0.02145
0.21390
0.06473
-0.08685
-0.02689
-0.01819
-0.12231
-0.01669
0.23788
0.19565
0.06073
0.05530
0.15295
0.07819
-0.03006
-0.00818
-0.07559
-0.02560
0.21637
0.18552
0.06381
0.04330
0.07959
-0.01041
-0.11838
-0.17725
-0.29379
-0.18137
-0.12204
-0.19043
-0.09622
0.08292
0.21933
0.00842
-0.08728
-0.00296
-0.05414
-0.13333
0.05768
0.21948
0.12518
0.03830
0.08627
0.14490
0.02844
-0.03848
-0.01990
-0.10867
0.05042
0.23077
0.12738
0.05069
0.07468
0.08762
-0.08456
-0.14877
-0.20383
-0.27145
-0.14221
-0.15164
-0.17606
-0.05316
0.15970
0.16882
-0.06949
-0.08054
0.01389
-0.09479
-0.11618
0.12170
0.19882
0.09192
0.02832
0.13211
0.12708
0.01682
0.02618
-0.04630
-0.09595
0.13135
0.20410
0.09045
0.04431
0.07037
0.05734
-0.11407
-0.15729
-0.26312
-0.27902
-0.11160
-0.20078
-0.16443
-0.00821
0.20438
0.13113
-0.10629
-0.01382
0.02216
-0.10300
-0.04108
0.19415
0.18976
0.07535
0.06305
0.13858
0.09961
-0.01187
0.00012
-0.10043
-0.05286
0.17725
0.15924
0.09561
0.05032
0.07806
-0.00302
-0.13348
-0.16544
-0.29385
-0.18533
-0.12277
-0.19571
-0.10464
0.05679
0.21912
0.03912
-0.10034
0.00385
-0.01288
-0.15082
0.01196
0.22745
0.16202
0.03314
0.06421
0.16315
0.05487
0.02130
0.00586
-0.10449
0.00665
0.19647
0.15479
0.06903
0.06232
0.08240
-0.06290
-0.15109
-0.19067
-0.29300
-0.15601
-0.16803
-0.20947
-0.06595
0.10651
0.20007
-0.03180
-0.06274
0.04306
-0.04379
-0.11490
0.05969
0.23996
0.11911
0.05219
0.11890
0.14560
0.02777
-0.01025
-0.03931
-0.10382
0.07556
0.17801
0.12582
0.05902
0.07965
0.06403
-0.12344
-0.15561
-0.22604
-0.24066
-0.13837
-0.21735
-0.17404
-0.02972
0.17316
0.14362
-0.07214
-0.03976
0.03903
-0.06274
-0.10510
0.13583
0.22382
0.08035
0.03595
0.15146
0.12073
0.01505
0.04102
-0.06171
-0.08322
0.12946
0.19510
0.09418
0.05286
0.10068
-0.00424
-0.15814
-0.17163
-0.26129
-0.22525
-0.13611
-0.22192
-0.13693
0.02539
0.21268
0.08807
-0.07910
0.03503
0.01630
-0.12247
-0.05078
0.18256
0.18765
0.05930
0.05817
0.14752
0.09354
0.00833
0.01813
-0.10330
-0.04529
0.15381
0.18143
0.10806
0.05951
0.08664
-0.05487
-0.14651
-0.18292
-0.27664
-0.18173
-0.17221
-0.19357
-0.09006
0.07477
0.20807
0.00504
-0.07504
0.03415
-0.00143
-0.14621
-0.00748
0.22849
0.14603
0.02609
0.10229
0.16422
0.06024
0.00934
-0.00476
-0.12634
-0.01834
0.17810
0.14487
0.06030
0.07065
0.06958
-0.11780
-0.15610
-0.18530
-0.25879
-0.14798
-0.19855
-0.17944
-0.05560
0.13385
0.20148
-0.04950
-0.03717
0.07898
-0.05066
-0.16235
0.07275
0.21683
0.11377
0.05124
0.12137
0.15118
0.01480
0.04794
-0.01315
-0.12439
0.07315
0.21286
0.15735
0.07718
0.11026
0.03040
-0.17484
-0.16150
-0.23068
-0.23917
-0.15424
-0.22668
-0.16138
-0.00366
0.18637
0.13199
-0.07483
-0.00351
0.09634
-0.10202
-0.12296
0.12427
0.18347
0.07648
0.04346
0.13895
0.09198
0.01358
0.04767
-0.07419
-0.11746
0.11868
0.20538
0.12347
0.07791
0.11252
-0.05042
-0.17044
-0.16470
-0.25616
-0.20169
-0.17923
-0.22699
-0.12625
0.02942
0.21887
0.04938
-0.08105
0.05765
0.06110
-0.14368
-0.08099
0.17960
0.16919
0.06644
0.08640
0.15555
0.10098
0.04935
0.04913
-0.14362
-0.06924
0.15057
0.20059
0.10474
0.07080
0.06976
-0.11932
-0.16830
-0.17892
-0.26495
-0.16611
-0.17871
-0.18640
-0.10248
0.08990
0.20627
-0.01135
-0.04117
0.11780
-0.02716
-0.20135
0.00833
0.18085
0.14154
0.04263
0.09998
0.15823
0.05630
0.07834
0.01498
-0.12958
-0.00012
0.19290
0.21939
0.07938
0.10693
0.05991
-0.16751
-0.13480
-0.20389
-0.23898
-0.15378
-0.22327
-0.19730
-0.08545
0.15176
0.15381
-0.07410
0.03192
0.10901
-0.07050
-0.17386
0.07281
0.20413
0.11325
0.06281
0.11493
0.14935
0.04770
0.07959
-0.04379
-0.14780
0.08505
0.20737
0.17386
0.07245
0.12521
-0.01215
-0.18610
-0.12646
-0.22064
-0.21063
-0.13882
-0.21356
-0.19479
-0.01767
0.20279
0.08591
-0.07205
0.07401
0.10822
-0.13077
-0.10889
0.09824
0.18750
0.07953
0.03702
0.15952
0.13058
0.05899
0.08392
-0.11084
-0.09222
0.12582
0.23151
0.14035
0.04791
0.11472
-0.10059
-0.18481
-0.14099
-0.24057
-0.18558
-0.18521
-0.20422
-0.15952
0.03235
0.20068
0.01907
-0.03491
0.13239
0.02496
-0.18851
-0.07498
0.14807
0.18240
0.03586
0.06937
0.16159
0.09888
0.07892
0.02945
-0.15451
-0.03781
0.19687
0.23117
0.11377
0.10568
0.07162
-0.11179
-0.12723
-0.19351
-0.27066
-0.18881
-0.18048
-0.21539
-0.13046
0.08545
0.15689
-0.04926
0.01987
0.14948
-0.04691
-0.21323
-0.00943
0.20605
0.13687
0.03308
0.08197
0.16360
0.11069
0.07016
-0.00238
-0.16806
0.01834
0.21048
0.20584
0.07065
0.09158
0.00800
-0.17883
-0.13184
-0.20282
-0.24390
-0.16388
-0.18561
-0.22681
-0.09180
0.16235
0.11893
-0.04327
0.10571
0.14755
-0.12863
-0.19519
0.04486
0.19431
0.11499
0.05084
0.10104
0.13455
0.08765
0.07782
-0.09445
-0.15201
0.09192
0.24789
0.19672
0.09726
0.10687
-0.06683
-0.15631
-0.10208
-0.23697
-0.22482
-0.16830
-0.22144
-0.21484
-0.00403
0.17386
0.04489
-0.03983
0.12711
0.07385
-0.19611
-0.14862
0.09256
0.20975
0.08762
0.04471
0.15164
0.15433
0.08664
0.05371
-0.13721
-0.11063
0.14484
0.25818
0.16068
0.07626
0.06815
-0.12357
-0.15710
-0.15216
-0.25839
-0.22812
-0.17392
-0.22195
-0.20413
0.04089
0.18185
0.01587
0.03564
0.16910
0.00974
-0.22556
-0.08289
0.15051
0.16837
0.06714
0.05920
0.16336
0.17267
0.06702
0.00555
-0.15836
-0.03183
0.17758
0.25815
0.13513
0.07062
0.02539
-0.12946
-0.11905
-0.19510
-0.27377
-0.18878
-0.18140
-0.23914
-0.15601
0.09637
0.12183
-0.01312
0.08734
0.15604
-0.09158
-0.24344
-0.02017
0.18384
0.18423
0.04294
0.05396
0.18295
0.15970
0.06921
-0.03186
-0.13593
0.00406
0.20477
0.24060
0.08820
0.08246
-0.01971
-0.14514
-0.12582
-0.22321
-0.24774
-0.17578
-0.19296
-0.26239
-0.08688
0.15524
0.08997
0.00769
0.14685
0.12997
-0.15817
-0.21063
0.03064
0.18982
0.15637
0.05685
0.10492
0.18652
0.12347
0.07520
-0.08142
-0.10516
0.06573
0.22357
0.21619
0.06049
0.04752
-0.08105
-0.14044
-0.12265
-0.24185
-0.23090
-0.17166
-0.26669
-0.25998
-0.00888
0.15515
0.06339
0.04684
0.17337
0.08109
-0.16663
-0.15475
0.05463
0.19101
0.11005
0.03436
0.15677
0.21964
0.10080
0.04340
-0.06482
-0.06845
0.09680
0.24799
0.16461
0.04468
0.04056
-0.09354
-0.12601
-0.16574
-0.25787
-0.19577
-0.17761
-0.27469
-0.22720
0.02802
0.14490
0.04318
0.10242
0.18066
-0.00983
-0.21854
-0.10556
0.12299
0.19955
0.07968
0.02203
0.16733
0.20850
0.07413
-0.00729
-0.08783
-0.04504
0.10782
0.24008
0.11923
0.03366
-0.01727
-0.08008
-0.11127
-0.20355
-0.25708
-0.17435
-0.20102
-0.29745
-0.16342
0.07260
0.09964
0.03223
0.14554
0.19211
-0.06000
-0.20987
-0.04471
0.16583
0.19293
0.03412
0.04022
0.20328
0.19049
0.08978
0.00848
-0.06131
-0.02411
0.15375
0.24255
0.05496
0.00925
-0.03806
-0.10532
-0.12708
-0.19803
-0.23340
-0.18417
-0.24304
-0.32370
-0.13156
0.09760
0.09473
0.05667
0.20169
0.15469
-0.13031
-0.17850
-0.02441
0.18484
0.16849
0.03183
0.08984
0.21707
0.17276
0.05072
0.00284
-0.05099
-0.00073
0.20178
0.22714
0.04846
-0.00995
-0.03995
-0.07739
-0.15521
-0.21210
-0.21527
-0.17908
-0.28036
-0.29712
-0.03824
0.11203
0.06201
0.09427
0.19901
0.08536
-0.15231
-0.16046
-0.00250
0.21848
0.14676
-0.01691
0.14328
0.25439
0.09821
0.03900
0.00244
-0.07422
-0.00253
0.25879
0.19083
-0.01306
-0.00604
-0.01175
-0.10211
-0.15036
-0.24265
-0.23724
-0.18637
-0.27600
-0.26343
0.00323
0.11099
0.08292
0.16733
0.22052
0.00266
-0.19788
-0.14218
0.06964
0.22397
0.07385
-0.03558
0.18546
0.26407
0.08926
0.04434
-0.03433
-0.10782
0.05197
0.24268
0.12103
-0.02536
-0.03439
-0.01300
-0.08829
-0.16107
-0.26462
-0.22672
-0.20636
-0.32236
-0.19046
0.02386
0.07162
0.09088
0.19885
0.23157
-0.05002
-0.22107
-0.10938
0.11642
0.23764
0.01889
0.02972
0.22482
0.23779
0.08896
0.06088
-0.01212
-0.08487
0.10489
0.23114
0.06186
-0.06213
-0.02536
-0.02435
-0.12546
-0.18591
-0.24261
-0.20926
-0.25082
-0.31921
-0.14603
0.07913
0.10541
0.11829
0.24149
0.17090
-0.10898
-0.20483
-0.08231
0.13168
0.17056
0.02048
0.07968
0.26633
0.19299
0.04300
0.05377
-0.03290
-0.07782
0.12589
0.22708
0.02533
-0.08139
0.02249
-0.03271
-0.14255
-0.21362
-0.25317
-0.20148
-0.28696
-0.30536
-0.08658
0.09149
0.09848
0.15759
0.25290
0.11328
-0.12057
-0.17319
-0.04172
0.17511
0.14355
-0.03317
0.13306
0.29935
0.13995
0.04974
0.08206
-0.08340
-0.08112
0.19565
0.18796
-0.04840
-0.07797
0.04971
-0.06860
-0.14090
-0.22049
-0.27048
-0.23065
-0.30905
-0.26724
-0.06604
0.07541
0.08698
0.21628
0.27881
0.05463
-0.16156
-0.19409
-0.02341
0.19107
0.09128
-0.01935
0.19113
0.31235
0.13306
0.07593
0.07733
-0.10703
-0.05301
0.21500
0.15985
-0.07605
-0.04819
0.09833
-0.07355
-0.14670
-0.24731
-0.24701
-0.24237
-0.31555
-0.18295
-0.02072
0.07980
0.10727
0.24667
0.26672
0.01862
-0.19000
-0.18234
0.05417
0.19943
0.04709
-0.00497
0.22812
0.25671
0.09705
0.09631
0.04422
-0.12061
-0.01614
0.23486
0.08771
-0.11050
0.04608
0.08957
-0.09741
-0.15851
-0.24655
-0.24139
-0.28888
-0.31082
-0.15775
0.01419
0.11801
0.15173
0.27530
0.21170
-0.05057
-0.22726
-0.15616
0.07764
0.16321
0.04297
0.07629
0.25867
0.25229
0.05295
0.09265
0.01404
-0.15680
0.02652
0.23102
0.04111
-0.12698
0.09271
0.07010
-0.15332
-0.16446
-0.24982
-0.24631
-0.31686
-0.29654
-0.10632
0.03683
0.11682
0.19330
0.27618
0.17474
-0.07834
-0.23764
-0.14279
0.11139
0.13071
-0.00668
0.12222
0.33722
0.19846
0.06815
0.10812
-0.10181
-0.16031
0.11261
0.20993
-0.04105
-0.07480
0.15298
0.00757
-0.13718
-0.25378
-0.30823
-0.26947
-0.31219
-0.24890
-0.08463
0.05865
0.11899
0.26578
0.29691
0.10571
-0.14163
-0.24994
-0.08539
0.12302
0.11044
-0.00580
0.15247
0.36145
0.17953
0.09167
0.09396
-0.12106
-0.13895
0.16574
0.18491
-0.09579
-0.01010
0.19818
-0.00916
-0.15921
-0.26273
-0.29770
-0.27945
-0.32361
-0.22372
-0.04977
0.05453
0.13461
0.28519
0.29001
0.07437
-0.19861
-0.26526
-0.03821
0.13181
0.09921
0.03082
0.21725
0.33194
0.14346
0.13388
0.07239
-0.15469
-0.12558
0.15134
0.11536
-0.13684
0.06790
0.17334
-0.09167
-0.17111
-0.23425
-0.28616
-0.29144
-0.29517
-0.21481
-0.02161
0.11942
0.18195
0.30969
0.27579
0.00797
-0.22922
-0.20944
-0.02933
0.13278
0.07452
0.08554
0.26477
0.30988
0.10696
0.11185
0.02896
-0.19537
-0.07614
0.18765
0.05054
-0.12656
0.13400
0.15433
-0.14377
-0.21637
-0.27673
-0.29080
-0.30386
-0.28928
-0.16855
0.03220
0.09854
0.21378
0.31467
0.22800
-0.03940
-0.24609
-0.19000
-0.01227
0.14935
0.05078
0.08594
0.33966
0.26428
0.09595
0.11179
-0.04156
-0.22653
0.00006
0.20807
-0.02362
-0.07877
0.23331
0.10052
-0.14923
-0.19568
-0.32712
-0.30939
-0.29755
-0.27911
-0.14120
0.03192
0.13184
0.26010
0.37265
0.19159
-0.12762
-0.24539
-0.18304
0.00067
0.13077
0.03329
0.14792
0.36401
0.24442
0.11682
0.10846
-0.08057
-0.22675
0.04605
0.16089
-0.06625
-0.01779
0.22452
0.06284
-0.15033
-0.24115
-0.34479
-0.31641
-0.31790
-0.24377
-0.09232
0.02502
0.13419
0.29880
0.37286
0.16010
-0.16907
-0.23114
-0.15192
0.05969
0.15488
0.03445
0.19193
0.35986
0.20462
0.11633
0.09262
-0.13187
-0.21960
0.07227
0.09372
-0.09735
0.04443
0.20667
-0.02560
-0.19174
-0.22159
-0.35156
-0.30606
-0.28894
-0.22949
-0.06613
0.08398
0.18713
0.32040
0.34732
0.09610
-0.21277
-0.23090
-0.13599
0.06058
0.14200
0.10138
0.24933
0.36050
0.19614
0.09320
0.07117
-0.17505
-0.18915
0.09744
0.05478
-0.09641
0.08533
0.20499
-0.08594
-0.21155
-0.26508
-0.38049
-0.31720
-0.28802
-0.17633
-0.03052
0.07782
0.22150
0.36917
0.31851
0.02075
-0.20520
-0.22696
-0.12933
0.12976
0.15469
0.09372
0.32321
0.34891
0.14102
0.08679
0.01309
-0.24713
-0.15125
0.13159
0.00055
-0.06415
0.19772
0.17679
-0.10361
-0.20242
-0.33716
-0.40930
-0.28915
-0.26709
-0.15561
-0.04050
0.07922
0.26459
0.41721
0.29630
-0.07434
-0.21646
-0.23798
-0.12186
0.15060
0.12177
0.12518
0.36423
0.33917
0.13702
0.08911
-0.00766
-0.24844
-0.09476
0.11560
-0.05157
-0.00986
0.21811
0.13412
-0.13464
-0.23984
-0.37714
-0.38486
-0.26273
-0.23605
-0.12280
-0.01703
0.09418
0.32190
0.42474
0.25967
-0.08673
-0.22806
-0.24020
-0.08130
0.18106
0.10599
0.15332
0.34271
0.27817
0.12085
0.07596
-0.03653
-0.24039
-0.07346
0.06311
-0.04724
0.01279
0.20544
0.06104
-0.17059
-0.21503
-0.37793
-0.36316
-0.24149
-0.21768
-0.11453
0.01620
0.16302
0.33917
0.40048
0.20068
-0.14169
-0.22693
-0.23138
-0.04044
0.21594
0.14859
0.22375
0.36548
0.25922
0.07880
0.07376
-0.07843
-0.26532
-0.05478
0.05899
-0.02698
0.06296
0.22849
0.00970
-0.19229
-0.26648
-0.40192
-0.31635
-0.24622
-0.18152
-0.09610
0.02567
0.18460
0.34088
0.40994
0.13657
-0.15408
-0.23434
-0.26370
-0.00314
0.19873
0.15036
0.23853
0.38068
0.23035
0.04520
0.07138
-0.13278
-0.24200
-0.02017
0.04514
-0.01517
0.10950
0.25763
-0.02646
-0.19238
-0.31461
-0.43369
-0.27063
-0.22452
-0.16327
-0.09592
0.04840
0.22421
0.41321
0.40210
0.03799
-0.16150
-0.22787
-0.26129
0.04013
0.18518
0.12119
0.26791
0.39468
0.16467
0.03378
0.06366
-0.18420
-0.22763
-0.03506
0.02621
-0.01483
0.15137
0.21814
-0.08463
-0.17664
-0.34467
-0.44193
-0.26862
-0.20590
-0.14340
-0.09009
0.09116
0.25525
0.41196
0.40656
0.02509
-0.20044
-0.26224
-0.22931
0.09415
0.17142
0.13828
0.26334
0.35397
0.17072
0.05682
0.04205
-0.17780
-0.19876
-0.06564
0.00311
-0.00092
0.16379
0.16226
-0.10095
-0.17010
-0.34265
-0.37265
-0.24149
-0.19904
-0.12537
-0.06635
0.13092
0.25208
0.40805
0.33499
-0.01407
-0.18610
-0.29977
-0.19922
0.09372
0.20837
0.20157
0.30676
0.35547
0.08542
0.05670
0.00729
-0.19986
-0.17871
-0.03394
0.07779
0.02158
0.19916
0.12314
-0.13959
-0.22110
-0.40201
-0.35599
-0.24014
-0.16400
-0.15933
-0.05688
0.16479
0.25876
0.41183
0.28375
-0.05902
-0.21091
-0.28757
-0.15085
0.13486
0.20068
0.20148
0.33740
0.32864
0.05762
0.04324
-0.03229
-0.21902
-0.18942
0.00018
0.09192
0.04935
0.23962
0.10553
-0.13849
-0.25323
-0.42215
-0.32297
-0.23032
-0.14786
-0.13171
-0.04248
0.17859
0.32559
0.44922
0.23792
-0.08951
-0.23148
-0.31836
-0.11093
0.16327
0.19281
0.20856
0.34943
0.27454
0.06149
0.06845
-0.07196
-0.22134
-0.18347
-0.00616
0.02643
0.06345
0.23767
0.02713
-0.12048
-0.27704
-0.44388
-0.30045
-0.20410
-0.14105
-0.17355
-0.00897
0.17142
0.30200
0.44391
0.19394
-0.11169
-0.23441
-0.27774
-0.09369
0.14932
0.22748
0.22711
0.34833
0.23560
0.05533
0.05182
-0.03156
-0.20193
-0.20221
0.01328
0.04080
0.08401
0.17960
0.00757
-0.14612
-0.32159
-0.40176
-0.28241
-0.18420
-0.16025
-0.16489
0.03540
0.20386
0.34033
0.41644
0.17114
-0.16330
-0.26663
-0.25543
-0.03955
0.18741
0.22162
0.26648
0.34634
0.20499
0.05487
0.04163
-0.05505
-0.20941
-0.17380
0.05225
0.05759
0.08728
0.15234
-0.02109
-0.19385
-0.37930
-0.38669
-0.25620
-0.16388
-0.14969
-0.14697
0.10071
0.21494
0.34244
0.42944
0.14639
-0.18323
-0.25745
-0.25009
-0.02808
0.23035
0.23615
0.26254
0.33246
0.16461
0.03201
0.03149
-0.07324
-0.25867
-0.14658
0.07797
0.04810
0.12354
0.14557
-0.00565
-0.20251
-0.38922
-0.37918
-0.24490
-0.15350
-0.15646
-0.11246
0.07053
0.19757
0.40793
0.41525
0.08438
-0.18597
-0.25253
-0.26147
-0.01517
0.25113
0.22574
0.26175
0.33456
0.12915
0.03430
0.03210
-0.10046
-0.29498
-0.14777
0.06781
0.00671
0.11673
0.12079
-0.01923
-0.21793
-0.39343
-0.36566
-0.23804
-0.12692
-0.16949
-0.07721
0.10837
0.21396
0.42865
0.40744
0.05280
-0.22006
-0.24890
-0.23544
0.02679
0.27740
0.22733
0.25949
0.29898
0.14685
0.03845
0.05295
-0.08115
-0.31418
-0.11920
0.05753
0.02621
0.09058
0.09543
-0.03568
-0.26556
-0.36975
-0.35809
-0.21774
-0.12683
-0.16998
-0.03735
0.07571
0.22592
0.42969
0.38925
0.00696
-0.25696
-0.25635
-0.23624
0.07785
0.29163
0.22681
0.27426
0.26517
0.10742
-0.01071
0.01083
-0.13382
-0.30630
-0.06296
0.07889
0.03012
0.12262
0.12985
-0.05066
-0.28647
-0.37259
-0.32745
-0.17538
-0.11920
-0.15320
0.01294
0.12805
0.25391
0.46649
0.40033
-0.02121
-0.25082
-0.25952
-0.21274
0.09512
0.28271
0.23129
0.23938
0.24762
0.09479
-0.00427
0.01123
-0.19571
-0.34052
-0.05566
0.07373
0.02075
0.13431
0.14154
-0.08380
-0.30835
-0.36365
-0.33826
-0.17725
-0.11108
-0.12354
-0.00314
0.10779
0.29022
0.48669
0.37326
-0.05603
-0.22235
-0.28073
-0.19553
0.13651
0.24454
0.21820
0.24771
0.21649
0.09491
0.02563
0.00427
-0.21494
-0.32794
-0.06082
0.04749
0.03198
0.12219
0.14053
-0.07120
-0.30508
-0.35565
-0.31467
-0.13010
-0.11307
-0.09702
-0.00327
0.10245
0.33038
0.52542
0.35352
-0.12088
-0.24048
-0.28061
-0.18588
0.15234
0.24463
0.24033
0.20898
0.21652
0.10004
0.03824
0.01825
-0.24493
-0.31540
-0.08456
0.02805
0.00601
0.12833
0.12164
-0.11493
-0.29608
-0.33798
-0.27026
-0.11136
-0.10373
-0.10065
0.01303
0.12048
0.31277
0.52042
0.30148
-0.15549
-0.22620
-0.25436
-0.16791
0.15430
0.27002
0.21954
0.21991
0.26224
0.04803
0.00748
0.02966
-0.25824
-0.28113
-0.02655
0.03912
-0.00348
0.16901
0.15381
-0.15521
-0.30212
-0.32468
-0.25467
-0.09604
-0.13266
-0.09933
-0.01807
0.14240
0.35104
0.52875
0.29190
-0.18207
-0.22736
-0.29337
-0.14008
0.14716
0.23749
0.21298
0.21585
0.25378
0.04816
0.01404
-0.00540
-0.29144
-0.26431
0.00049
0.00015
0.02380
0.23438
0.10233
-0.17169
-0.29193
-0.35950
-0.24564
-0.10077
-0.11307
-0.13391
-0.03616
0.13449
0.34271
0.55380
0.25201
-0.19003
-0.22015
-0.31525
-0.11710
0.18100
0.25845
0.19513
0.21271
0.25131
0.05722
0.06567
-0.00760
-0.29929
-0.27979
-0.02725
0.01987
0.04379
0.24789
0.10883
-0.16022
-0.28125
-0.34546
-0.23022
-0.10925
-0.09457
-0.12769
-0.01340
0.17502
0.38400
0.58963
0.18188
-0.19379
-0.23874
-0.30673
-0.11115
0.14169
0.27380
0.13998
0.23074
0.27234
0.02866
0.07599
-0.04062
-0.30249
-0.26013
-0.02347
-0.03751
0.03058
0.27509
0.07492
-0.19778
-0.27771
-0.34778
-0.21790
-0.07794
-0.10410
-0.12244
0.00479
0.20044
0.41986
0.56668
0.12332
-0.21588
-0.21375
-0.29642
-0.09567
0.17532
0.29257
0.13934
0.26468
0.24057
0.02536
0.07919
-0.07388
-0.32065
-0.26990
-0.01465
-0.02658
0.08133
0.26645
0.04333
-0.19739
-0.31519
-0.33282
-0.18491
-0.07993
-0.12772
-0.17859
0.00156
0.19818
0.45236
0.56824
0.09268
-0.22226
-0.25882
-0.26862
-0.09427
0.16556
0.31287
0.14178
0.25952
0.19962
0.00659
0.05533
-0.12839
-0.32312
-0.24664
-0.01962
-0.02933
0.14252
0.28281
-0.00482
-0.20563
-0.32730
-0.35614
-0.17465
-0.06253
-0.10352
-0.15622
0.02664
0.22885
0.48004
0.55551
0.03809
-0.20792
-0.23187
-0.28830
-0.08801
0.19922
0.29391
0.13202
0.28821
0.19724
0.02371
0.08545
-0.14481
-0.34662
-0.26266
-0.04068
-0.04370
0.15048
0.28763
-0.00485
-0.21039
-0.30249
-0.29224
-0.14468
-0.06082
-0.14944
-0.20770
0.02634
0.23654
0.48248
0.53345
0.00732
-0.17764
-0.22760
-0.29483
-0.07187
0.22919
0.27182
0.13248
0.29266
0.17612
0.04355
0.09473
-0.14984
-0.34415
-0.26825
-0.06741
-0.03540
0.17792
0.27795
-0.03442
-0.20471
-0.32391
-0.27631
-0.10397
-0.05182
-0.16901
-0.19797
0.06677
0.26181
0.53030
0.49167
-0.02969
-0.13580
-0.21664
-0.30594
-0.08374
0.24112
0.23303
0.11823
0.31931
0.13989
0.01843
0.08725
-0.16086
-0.36728
-0.25046
-0.04544
-0.02829
0.18945
0.27219
-0.02386
-0.21039
-0.31729
-0.26550
-0.13730
-0.07343
-0.16141
-0.19006
0.07864
0.30319
0.54074
0.49567
-0.01248
-0.16711
-0.24738
-0.30573
-0.09030
0.21906
0.22046
0.13718
0.30161
0.12875
0.01501
0.04916
-0.19507
-0.36072
-0.23138
-0.04959
-0.00919
0.23340
0.25882
-0.08130
-0.21759
-0.26794
-0.23206
-0.12924
-0.06049
-0.18860
-0.19086
0.11020
0.30411
0.55948
0.44580
-0.01566
-0.12732
-0.29333
-0.31509
-0.08350
0.25424
0.20923
0.16409
0.32019
0.13177
0.08997
0.09003
-0.20334
-0.39850
-0.25528
-0.06253
0.02820
0.27124
0.23953
-0.06259
-0.21445
-0.26599
-0.24588
-0.13623
-0.07422
-0.25348
-0.17792
0.12216
0.31189
0.54346
0.43143
-0.01575
-0.19266
-0.29440
-0.34387
-0.06915
0.29150
0.18637
0.16956
0.32709
0.13565
0.07156
0.06943
-0.20340
-0.39780
-0.23383
-0.03592
0.06461
0.29617
0.25528
-0.06775
-0.20367
-0.23041
-0.21777
-0.13989
-0.10867
-0.23868
-0.14575
0.11545
0.35889
0.55756
0.36792
-0.01959
-0.16968
-0.33917
-0.35120
-0.01306
0.27960
0.17361
0.18018
0.30960
0.12036
0.07687
0.02402
-0.24033
-0.38217
-0.24261
-0.04086
0.07556
0.30243
0.19904
-0.09302
-0.17087
-0.25806
-0.20920
-0.14404
-0.12918
-0.26184
-0.16061
0.13998
0.33572
0.56964
0.37689
-0.03583
-0.17670
-0.32098
-0.32965
-0.00894
0.32254
0.18414
0.17545
0.31400
0.09412
0.06653
0.02872
-0.26083
-0.39517
-0.22031
0.00613
0.08389
0.27722
0.17374
-0.12607
-0.19302
-0.22745
-0.22781
-0.16064
-0.13812
-0.23798
-0.13824
0.16638
0.37653
0.56635
0.36078
-0.01434
-0.19373
-0.36691
-0.33832
0.02332
0.31287
0.16275
0.23157
0.31305
0.12457
0.13452
-0.00006
-0.29416
-0.41513
-0.23132
-0.00012
0.10254
0.30640
0.16702
-0.09790
-0.18948
-0.23270
-0.23199
-0.17432
-0.15680
-0.24423
-0.12186
0.17398
0.38553
0.56674
0.37936
-0.01465
-0.20251
-0.35486
-0.34653
0.04846
0.28754
0.15259
0.19635
0.31192
0.13092
0.10352
0.01666
-0.31812
-0.41763
-0.21390
0.01355
0.09039
0.28470
0.17578
-0.12534
-0.17502
-0.21307
-0.22696
-0.16653
-0.15442
-0.23343
-0.09811
0.20786
0.39822
0.56671
0.34937
0.00354
-0.20438
-0.39572
-0.30862
0.05322
0.26129
0.14017
0.22092
0.31973
0.11157
0.09680
-0.03058
-0.34128
-0.41864
-0.24283
-0.00601
0.07571
0.30649
0.17252
-0.08099
-0.13486
-0.21234
-0.25180
-0.16736
-0.13223
-0.25461
-0.10117
0.22110
0.40967
0.58527
0.39655
-0.01480
-0.23044
-0.37289
-0.33981
0.02621
0.24954
0.12122
0.21713
0.32111
0.10400
0.07465
-0.04089
-0.33884
-0.42999
-0.19635
0.01816
0.05801
0.32199
0.17545
-0.07956
-0.09207
-0.17590
-0.25870
-0.17242
-0.11630
-0.28772
-0.10107
0.25748
0.38351
0.61899
0.41525
-0.03586
-0.26126
-0.43011
-0.35132
0.06000
0.23663
0.09164
0.23849
0.35010
0.13464
0.11539
-0.05823
-0.39145
-0.42932
-0.19913
0.03711
0.08914
0.31314
0.16483
-0.06525
-0.04453
-0.17136
-0.28625
-0.19144
-0.15442
-0.27704
-0.07721
0.27084
0.39697
0.59644
0.40561
-0.05365
-0.26016
-0.43982
-0.36069
0.04504
0.18195
0.08545
0.26547
0.33142
0.12189
0.10883
-0.08920
-0.41702
-0.43698
-0.16562
0.00693
0.10944
0.34784
0.15485
-0.04434
-0.04257
-0.15140
-0.29440
-0.20410
-0.14240
-0.31421
-0.02661
