-0.00731
0.00882
-0.01031
0.01174
-0.01308
0.01426
-0.01523
0.01590
-0.01618
0.01594
-0.01497
0.01294
-0.00923
0.00245
0.01130
-0.04847
0.37472
1.12215
0.90537
1.11221
0.66058
-1.04896
-0.91306
-1.16491
-0.02469
0.23716
0.15486
1.25787
0.59252
0.69926
-0.48156
-1.18744
0.06317
-0.53849
-0.18790
-0.51641
-0.55937
0.15871
-0.60332
0.29915
-0.75687
-0.66327
0.87554
1.08510
0.88785
1.18815
0.21306
-1.15421
-0.91505
-1.06051
0.26891
0.04747
0.67639
1.14996
0.45264
0.79294
-0.98123
-0.77648
-0.00020
-0.48468
-0.17028
-0.62924
0.11305
0.00332
-0.08195
0.05083
-1.07100
-0.09729
1.05604
0.99429
0.96865
1.07060
-0.59707
-1.07268
-1.02235
-0.72792
0.38366
-0.09510
1.07987
0.78891
0.58949
0.58068
-1.22840
-0.28059
-0.20422
-0.64703
-0.48567
-0.44457
0.43514
-0.17358
0.14072
-0.27295
-1.02434
0.37435
1.14994
0.89753
1.10667
0.69033
-1.02170
-0.91465
-1.17040
-0.11296
0.27289
0.17209
1.21750
0.73470
1.08808
-0.30284
-1.15554
0.07283
-0.44737
-0.73383
-0.55491
-0.33219
0.21225
-0.17858
0.20406
-0.77927
-0.66501
0.84873
1.06830
0.90736
1.17276
0.07471
-1.19751
-0.87499
-1.11035
0.21633
-0.02725
0.63520
1.09865
0.59105
0.87428
-0.93028
-0.79435
0.08822
-0.71969
-0.69104
-0.56021
-0.01490
0.15999
-0.08798
0.10905
-1.00760
-0.27576
1.02122
1.01046
0.95201
1.09778
-0.52444
-1.07563
-1.03584
-0.64435
0.48803
-0.08832
1.17903
0.70152
0.63597
0.40166
-1.22829
-0.39037
-0.04811
-0.93321
-1.04059
-0.53543
0.19044
0.03749
0.06475
-0.27726
-1.12317
0.18981
1.11234
0.92505
1.08759
0.70146
-1.05479
-0.90219
-1.17095
-0.19808
0.21613
0.16128
1.23776
0.58894
0.97028
-0.45812
-1.14614
-0.02534
-0.31950
-1.06957
-0.97099
-0.46278
0.28844
0.00212
0.11901
-0.59704
-0.85720
0.59420
1.09571
0.89680
1.17607
0.07551
-1.17333
-0.90241
-1.04978
0.46725
-0.01337
0.71963
1.08512
0.62003
0.82705
-0.93586
-0.85487
0.06342
-0.65118
-1.10886
-0.83718
-0.05620
0.30200
-0.04736
0.03338
-1.02338
-0.24512
0.95935
1.02840
0.94617
1.09367
-0.58440
-1.06780
-1.03214
-0.69059
0.41792
-0.09586
1.10681
0.77470
0.90710
0.19106
-1.29158
-0.40966
-0.12519
-0.95008
-0.94666
-0.32244
0.73017
0.28255
0.01019
-0.19350
-1.08054
0.13650
1.05102
0.96338
1.05592
0.72656
-1.05715
-0.89032
-1.18132
-0.19959
0.21640
0.24348
1.25717
0.49149
0.95768
-0.30475
-1.23129
-0.07192
-0.32950
-1.06345
-0.99799
-0.46510
0.74499
0.05054
0.07617
-0.47449
-0.90943
0.49475
1.08348
0.91281
1.15990
0.11689
-1.21313
-0.85775
-1.12846
0.25316
-0.04395
0.65413
1.07583
0.62736
0.83852
-0.91299
-0.81631
0.08868
-0.73484
-1.06917
-0.90224
0.24635
0.81200
-0.12157
0.11709
-0.97369
-0.39668
0.88317
1.05864
0.91704
1.14824
-0.39788
-1.12326
-0.96873
-0.87844
0.28076
-0.01181
1.10002
0.82189
0.98317
0.39834
-1.20113
-0.48602
-0.00274
-0.96146
-1.00946
-0.82161
0.57441
0.55331
-0.08860
-0.04136
-1.09832
-0.00258
1.00475
1.00493
0.99224
0.92085
-0.93138
-0.91659
-1.19042
-0.14251
0.34175
0.13848
1.20620
0.77822
1.12357
-0.22819
-1.22648
-0.19168
-0.23070
-1.05822
-1.00200
-0.57339
0.86482
0.09827
0.06013
-0.51121
-1.00294
0.39234
1.06918
0.93311
1.12234
0.40587
-1.17602
-0.85907
-1.17024
-0.09124
0.07302
0.66162
1.11536
0.74618
0.97323
-0.68356
-1.02662
-0.08821
-0.78787
-1.06268
-0.95693
0.53152
0.99562
-0.13631
0.15277
-0.83680
-0.55891
0.66741
1.10343
0.88771
1.18309
-0.20093
-1.17078
-0.90347
-1.05710
-0.03911
0.02970
0.96766
0.89286
0.76893
0.72682
-1.14611
-0.59953
-0.19974
-0.98572
-1.05460
-0.70403
1.06012
0.50534
-0.12277
0.09868
-0.81803
-0.30279
0.89547
1.02375
0.97973
0.97180
-0.79953
-1.01141
-1.04207
-0.81760
-0.03117
0.20482
1.06278
0.94534
1.08155
-0.01010
-1.26810
-0.23808
-0.36601
-1.02598
-1.09030
-0.05884
1.26245
0.08072
0.08436
-0.35684
-1.00518
0.06404
1.02952
0.94972
1.08805
0.62592
-1.07793
-0.90973
-1.12310
-0.60027
-0.01597
0.59287
1.10779
0.93514
1.02037
-0.57046
-1.13675
-0.07369
-0.55354
-1.08671
-0.97227
0.53585
1.10437
-0.10121
0.15770
-0.75564
-0.86061
0.47766
1.12424
0.87497
1.19572
-0.00468
-1.18765
-0.87923
-1.12479
-0.26999
0.04524
0.82965
1.04155
1.00575
0.78883
-0.96162
-0.87558
-0.04608
-0.78708
-1.10543
-0.75603
0.97481
0.77359
-0.10702
0.07547
-0.97698
-0.43258
0.76755
1.07847
0.91534
1.12965
-0.48020
-1.11893
-0.94567
-1.00145
-0.11545
0.14611
1.01548
0.96178
1.08134
0.43536
-1.23356
-0.36425
-0.22024
-1.00528
-1.08509
-0.42188
1.24609
0.35026
-0.01742
-0.06573
-0.87475
-0.10969
0.96012
0.99588
1.01365
0.90724
-0.86613
-1.00343
-1.04381
-0.79696
-0.02545
0.35658
1.13803
0.88640
1.14747
-0.06348
-1.22706
-0.13589
-0.49787
-1.07499
-1.00779
0.41294
1.18320
-0.04245
0.13286
-0.34368
-0.89139
0.18535
1.09164
0.89623
1.16055
0.36747
-1.13106
-0.90637
-1.11375
-0.50746
0.05858
0.69371
1.12859
0.89454
1.08326
-0.72354
-0.90906
0.18269
-0.68165
-1.14388
-0.62204
0.96944
0.86590
-0.09894
0.13987
-0.67212
-0.74724
0.58771
1.09161
0.89809
1.17452
-0.11476
-1.17058
-0.90192
-1.08094
-0.24559
0.12418
0.92089
1.02868
0.99532
0.82910
-1.04322
-0.46921
-0.05531
-0.86681
-1.15653
-0.12120
1.21300
0.54765
-0.09222
0.13551
-0.11659
-0.30420
0.89205
1.03271
0.96049
1.04725
-0.63776
-1.07223
-0.99154
-0.89582
-0.04799
0.22841
1.09986
0.91153
1.12662
0.39310
-1.20641
-0.19359
-0.32441
-1.10920
-0.77767
0.64077
1.07101
0.15818
-0.08669
0.22798
-0.16858
-0.13783
1.09993
0.91049
1.10337
0.70069
-1.00207
-0.95554
-1.08170
-0.70452
-0.02072
0.44626
1.14159
0.89135
1.11972
-0.35587
-1.13906
-0.02823
-0.57572
-1.13545
-0.36700
0.96121
0.81346
-0.07126
0.02545
0.07871
-0.63472
0.12652
1.20091
0.82718
1.22281
0.22816
-1.13543
-0.91617
-1.10322
-0.43605
0.06586
0.64219
1.14985
0.88301
1.05855
-0.80632
-0.87357
-0.14259
-0.90634
-1.07632
-0.11970
1.12723
-0.10853
-0.25764
0.13089
-0.00953
-0.88500
0.22307
1.26198
0.78438
1.24419
-0.48160
-1.04328
-1.03166
-0.86411
0.06261
0.05898
0.90873
1.03051
1.00347
0.72248
-1.15019
-0.49150
-0.25206
-1.06407
-0.80861
0.47194
0.83414
-0.38941
-0.11339
0.11461
-0.18756
-0.45738
0.93131
1.01901
0.99215
0.90526
-0.95440
-0.92534
-1.15120
-0.47248
0.20096
0.12431
1.12292
0.89530
1.13886
0.21216
-1.24556
-0.25145
-0.46638
-1.10698
-0.72167
0.67028
0.63364
-0.41647
0.15988
-0.30230
-0.87235
0.00030
1.17246
0.85582
1.17691
0.43701
-1.12910
-0.88138
-1.18397
0.20030
0.23598
0.29730
1.21820
0.82856
1.17967
-0.40738
-1.12093
-0.11191
-0.69620
-1.07976
-0.24970
0.90267
0.07409
-0.53772
0.26706
-0.40074
-0.58612
0.58844
1.19610
0.80033
1.27309
-0.12379
-1.08525
-1.01281
-0.85212
0.62903
0.05659
0.80387
1.09323
0.92397
0.99503
-0.97081
-0.68251
-0.15973
-1.05112
-0.72406
0.39872
0.85086
-0.39471
-0.30824
0.27942
-0.29860
-0.19152
0.97556
1.02796
0.95580
1.01691
-0.85680
-0.94286
-1.15688
-0.44429
0.45699
0.01713
1.08574
0.92305
1.09897
0.53908
-1.21593
-0.35576
-0.36977
-1.09421
-0.40463
0.64785
0.43477
-0.73761
0.06133
-0.11768
-0.61004
0.19131
1.15377
0.88861
1.12465
0.62378
-1.07909
-0.89165
-1.18419
0.06157
0.30809
0.20711
1.21540
0.82671
1.19829
-0.11681
-1.10880
-0.00596
-0.67613
-0.96875
-0.08573
0.77895
0.07959
-0.70692
0.22359
0.03709
-0.34950
0.53050
1.22567
0.78689
1.27278
0.09384
-1.09400
-0.98112
-0.96098
0.33855
0.04209
0.65639
1.15081
0.86474
1.13161
-0.65235
-0.76825
0.07065
-0.91666
-0.78791
0.29122
0.77803
-0.38545
-0.53896
0.27595
-0.19396
-0.14653
0.87040
1.12302
0.84252
1.23783
-0.39085
-1.04517
-1.07803
-0.63661
0.47023
-0.01360
1.00265
0.97146
1.04872
0.73737
-1.08786
-0.33626
-0.13447
-1.02373
-0.66102
0.42991
0.56223
-0.73749
-0.24560
0.14005
-0.33809
0.07702
1.09627
0.95573
1.03218
0.86950
-0.93056
-0.93743
-1.15292
-0.19095
0.23197
0.13065
1.16818
0.85780
1.17786
0.08115
-1.16346
-0.09702
-0.40399
-1.07974
-0.43491
0.37645
-0.01018
-0.84046
0.00740
0.18410
-0.33254
0.33895
1.22005
0.81743
1.22119
0.31943
-1.11002
-0.93037
-1.07957
0.14056
0.07166
0.39660
1.19338
0.83823
1.17697
-0.45540
-0.96601
0.03501
-0.79252
-1.01163
-0.21934
0.67114
-0.32066
-0.59523
0.13613
-0.30360
-0.19438
0.74964
1.16632
0.81903
1.25757
-0.18280
-1.09555
-1.00392
-0.86057
0.02375
-0.01740
0.87901
1.04134
0.97885
0.87347
-1.01958
-0.64076
-0.06092
-0.95057
-0.92876
-0.21276
0.36942
-0.69067
-0.36107
0.20606
-0.31274
0.05058
1.03462
1.02376
0.93497
1.11270
-0.60881
-1.03887
-1.06608
-0.59617
0.15035
0.09975
1.08853
0.91917
1.11249
0.46708
-1.21755
-0.24895
-0.30617
-1.03182
-0.82138
-0.15259
0.10704
-0.85093
-0.09295
0.15421
-0.31771
0.37465
1.17305
0.89031
1.09664
0.79659
-0.90150
-0.99842
-1.06139
-0.46966
-0.05395
0.32511
1.16412
0.86719
1.16237
-0.13103
-1.20016
-0.03258
-0.53079
-1.02479
-0.67549
0.08203
-0.15806
-0.81807
0.11094
-0.05125
-0.27895
0.63494
1.17985
0.83877
1.20148
0.39479
-1.09173
-0.94169
-1.06777
-0.40699
0.02392
0.57122
1.15230
0.88267
1.08070
-0.69731
-0.85602
0.08505
-0.81561
-0.99349
-0.77971
0.02500
-0.39223
-0.49673
0.22047
-0.20934
-0.10352
0.89465
1.10352
0.87090
1.19998
-0.09893
-1.14137
-0.92300
-1.07370
-0.40354
0.03134
0.82405
1.06650
0.96970
0.83086
-1.05647
-0.48504
-0.11770
-1.09414
-0.43287
0.07163
0.08221
-0.62067
-0.29051
0.36785
-0.26930
0.05267
1.07617
0.99202
0.96714
1.07430
-0.42379
-1.11920
-0.94804
-0.99542
-0.35021
0.14266
1.02632
0.95856
1.07935
0.44620
-1.18092
-0.17800
-0.37809
-1.10811
-0.28574
0.26194
-0.08593
-0.73177
-0.03136
0.14213
-0.30695
0.46031
1.16866
0.88843
1.10183
0.77992
-0.77508
-1.07607
-0.94732
-1.02793
-0.47599
0.42309
1.10865
0.90336
1.13403
-0.02089
-1.13004
0.02762
-0.68189
-1.00280
-0.12204
0.11998
-0.33580
-0.67377
0.26759
0.09206
-0.37141
0.66513
1.16369
0.85010
1.18799
0.41540
-0.98949
-1.02199
-0.95881
-1.07525
-0.52214
0.65648
1.08890
0.92156
1.07427
-0.51177
-0.89757
0.09043
-0.96052
-0.81865
-0.06065
-0.03848
-0.46885
-0.42083
0.44785
-0.07045
-0.28793
0.89585
1.08538
0.88894
1.18009
0.01507
-1.11167
-0.95815
-1.00741
-1.02812
-0.31888
0.90139
1.00531
1.01494
0.82636
-0.97484
-0.50291
-0.03743
-1.13422
-0.55322
0.02586
-0.06785
-0.59657
-0.17812
0.45128
-0.20230
-0.09306
1.03703
1.00037
0.96714
1.06742
-0.47446
-1.10760
-0.95660
-1.00668
-1.03812
-0.17039
1.09147
0.91136
1.11803
0.45607
-1.11446
-0.17206
-0.30514
-1.16960
-0.42685
-0.14084
-0.19846
-0.62276
0.06059
0.27519
-0.25517
0.28151
1.11221
0.93864
1.04258
0.91296
-0.69390
-1.08629
-0.95285
-1.00584
-0.72393
0.31726
1.10562
0.90789
1.13280
0.01413
-1.18419
0.03163
-0.66452
-0.98216
-0.21837
-0.23850
-0.26813
-0.60835
0.30155
0.15266
-0.11262
0.66816
1.12703
0.89327
1.12679
0.66753
-0.93736
-1.02924
-0.96884
-1.02613
-0.36147
0.59607
1.10603
0.90625
1.10368
-0.37033
-0.81182
0.14028
-1.04220
-0.66871
-0.16152
-0.20823
-0.51553
-0.47058
0.49941
0.09198
-0.21173
0.76861
1.11826
0.87708
1.17404
0.35442
-0.94681
-1.01537
-0.97002
-1.04753
-0.24360
0.81836
1.06457
0.94846
0.95319
-0.78896
-0.46817
-0.02489
-1.13501
-0.28773
-0.19645
-0.25943
-0.67373
-0.31091
0.70719
0.05428
-0.15582
0.98345
1.02472
0.94567
1.11156
0.06092
-1.00059
-0.98456
-1.00559
-0.97561
-0.01783
0.93902
1.01120
1.01798
0.65531
-1.04898
-0.10417
-0.32969
-1.04798
-0.14432
-0.24361
-0.30062
-0.74828
0.00981
0.69833
-0.03729
0.07341
1.09361
0.94003
1.04059
0.97513
0.35612
-0.73010
-1.02618
-1.00758
-0.88541
0.20080
1.01956
0.96943
1.06825
0.25082
-1.15499
0.05503
-0.72683
-0.81889
-0.08875
-0.30098
-0.40903
-0.78260
0.25047
0.78577
-0.18772
0.11206
1.01670
0.78267
1.14906
0.83107
0.19684
-0.84635
-0.99039
-1.03701
-0.83793
0.34868
1.09573
0.92310
1.09174
-0.19315
-1.06170
0.16384
-0.99967
-0.52096
-0.31616
-0.48920
-0.56027
-0.70735
0.54400
0.62127
-0.33776
0.01078
0.51319
0.72303
1.20035
0.66124
0.02343
-0.96453
-0.95528
-1.06870
-0.80665
0.54335
1.15418
0.86268
1.14032
-0.61442
-0.72963
0.03556
-1.11796
-0.31215
-0.53614
-0.76534
-0.81583
-0.47178
0.73759
0.48090
-0.62942
0.20730
0.51236
0.84861
1.14847
0.66213
-0.17242
-1.09060
-0.90451
-1.11237
-0.63863
0.67262
1.12521
0.90020
0.98367
-0.86993
-0.42763
-0.22058
-1.11361
-0.11361
-0.72291
-1.11086
-0.88095
-0.26749
0.91563
0.40708
-0.55843
0.24301
0.38330
0.99951
1.05375
0.53712
-0.32351
-1.03674
-0.95537
-1.06845
-0.35238
0.89534
1.03428
0.98330
0.82690
-1.09009
-0.23993
-0.46342
-1.02262
-0.16236
-0.87909
-1.10829
-0.70452
0.02056
1.06537
0.10261
-0.60047
0.38339
0.40680
1.12260
0.95968
0.56881
-0.61192
-1.01507
-1.00818
-0.93900
0.10390
1.03526
0.95055
1.09427
0.41861
-1.17416
0.00195
-0.86502
-0.78739
-0.23217
-1.04680
-1.01691
-0.71068
0.31328
1.05599
-0.26564
-0.86682
0.13321
0.60518
1.15311
0.89067
0.34774
-0.84555
-0.97690
-1.04248
-0.89205
0.30300
1.14800
0.86840
1.17747
0.09170
-1.03917
0.02753
-1.04931
-0.53240
-0.39617
-1.12945
-0.95505
-0.56326
0.61438
0.99551
-0.44849
-1.03769
0.02071
0.67176
1.16402
0.78695
0.13806
-0.83783
-1.01611
-0.98837
-1.04180
0.34713
1.22217
0.81431
1.21956
-0.32856
-0.92029
0.05850
-1.02961
-0.45163
-0.59468
-1.15841
-0.87798
-0.36753
0.81775
0.75075
-0.75648
-1.03140
0.07297
0.89335
1.08293
0.82492
-0.03424
-0.98796
-0.97383
-1.02773
-0.95761
0.50396
1.18350
0.85040
1.11214
-0.80968
-0.58743
-0.07369
-1.08117
-0.36003
-0.81402
-1.10436
-0.87437
-0.24084
0.92195
0.65302
-0.93991
-0.89274
0.15771
0.92136
1.08661
0.65602
-0.18381
-0.95791
-1.01398
-0.98704
-1.00530
0.60481
1.12684
0.91906
0.96686
-1.04256
-0.45872
-0.12441
-1.00322
-0.89415
-0.98048
-1.06180
-0.74300
0.08016
1.03171
0.42993
-1.07933
-0.79010
0.29665
1.02642
1.02160
0.67395
-0.41616
-1.03387
-0.97446
-1.03783
-0.86841
0.82647
1.05914
0.96904
0.87486
-1.10969
-0.43770
-0.24428
-1.01356
-0.85255
-0.99243
-1.06872
-0.64170
0.14688
1.07660
0.12384
-1.20630
-0.53052
0.41038
1.06491
0.99060
0.45572
-0.47543
-1.04315
-0.96185
-1.07294
-0.67962
1.03079
0.94661
1.08673
0.57564
-1.23166
-0.42342
-0.30541
-1.05446
-0.94318
-1.00083
-1.05010
-0.44072
0.28578
1.07553
-0.35230
-1.15882
-0.33389
0.46406
1.07244
0.98076
0.39462
-0.70117
-1.05478
-0.94561
-1.10752
-0.47876
1.17342
0.85493
1.19346
0.09747
-1.26009
-0.17015
-0.49040
-1.13332
-0.91180
-1.07407
-0.92181
-0.31413
0.49564
0.91269
-0.73086
-1.09650
-0.29148
0.68508
1.09541
0.90568
0.25308
-0.74179
-1.04702
-0.95317
-1.11137
0.02602
1.26333
0.78826
1.25766
-0.08775
-1.17730
-0.24159
-0.69181
-1.13515
-0.88765
-1.11360
-0.85393
-0.32584
0.72163
0.55792
-1.02630
-0.98543
-0.24613
0.75471
1.08125
0.87544
0.10829
-0.83170
-1.02892
-0.98003
-1.03907
0.37402
1.21244
0.82054
1.20596
-0.60759
-0.97175
-0.02310
-0.84764
-1.08537
-0.91107
-1.10784
-0.82228
-0.25413
0.84340
0.49417
-1.03524
-1.01314
-0.35271
0.84462
1.04467
0.88539
-0.01952
-0.93642
-1.00865
-0.99484
-1.00452
0.44207
1.19693
0.82831
1.19115
-0.77230
-0.71980
0.06873
-1.03290
-0.99026
-0.99261
-0.96259
-0.46814
-0.18014
0.93868
0.19584
-1.12586
-0.99361
-0.20175
1.02426
1.01156
0.75385
-0.17007
-0.92432
-1.01739
-1.01179
-0.89504
0.78005
1.08901
0.92167
1.00805
-1.06647
-0.35443
-0.00268
-1.19277
-0.88270
-1.11148
-0.55712
-0.13134
-0.16701
0.97848
-0.07854
-1.12533
-0.97672
-0.11291
1.06225
0.97499
0.87787
-0.17992
-0.96895
-0.99465
-1.04069
-0.76741
0.89020
1.02287
0.99603
0.82748
-1.22767
-0.11425
-0.03417
-1.22030
-0.86454
-1.11578
-0.30051
-0.11319
-0.01240
1.03196
-0.33998
-1.15648
-0.88371
0.04828
1.06492
0.97726
0.83495
-0.26400
-0.97607
-0.99604
-1.05149
-0.62877
1.04168
0.93436
1.08613
0.66455
-1.19810
-0.22388
-0.50509
-1.17515
-0.89056
-1.05405
-0.05856
-0.02146
0.06629
0.88170
-0.55007
-1.13584
-0.83282
0.17020
1.06526
0.98087
0.79446
-0.33330
-0.98736
-0.99486
-1.05559
-0.55188
1.11177
0.88175
1.15739
0.36483
-1.24216
-0.11557
-0.67364
-1.12113
-0.93410
-0.96794
0.05248
-0.09001
0.22585
0.92974
-0.67127
-1.10268
-0.81866
0.26166
1.06896
0.97410
0.82803
-0.37491
-1.00420
-0.99704
-1.03590
-0.71369
1.09430
0.87929
1.17656
0.23410
-1.21768
-0.04794
-0.79355
-1.06547
-0.98864
-0.77650
0.20447
-0.06346
0.28632
0.89435
-0.76535
-1.07731
-0.79779
0.35385
1.06104
0.98670
0.75972
-0.44761
-1.00504
-1.00828
-1.00859
-0.82019
1.03086
0.88947
1.18986
0.09282
-1.16353
-0.46030
-0.99498
-0.98768
-1.03464
-0.70720
0.25685
-0.03140
0.30628
0.72648
-0.99532
-1.00328
-0.80183
0.46312
1.03900
0.99754
0.83928
-0.45683
-1.04722
-0.97337
-1.04740
-0.72479
1.07847
0.87256
1.20464
-0.04128
-1.12894
-0.62021
-1.07247
-0.94177
-1.07697
-0.60198
0.16664
-0.16318
0.47515
0.51752
-1.09818
-0.95417
-0.79261
0.56940
1.00800
1.02169
0.86860
-0.45851
-1.09887
-0.92439
-1.10295
-0.59929
1.10069
0.87938
1.18722
-0.30220
-1.10186
-0.62589
-1.08701
-0.93960
-1.06538
-0.43460
0.31435
-0.13831
0.52650
0.19973
-1.20155
-0.91159
-0.61483
0.84767
0.96259
1.05412
0.85022
-0.47100
-1.13681
-0.88640
-1.14889
-0.47286
1.11600
0.89060
1.16124
-0.29817
-1.15215
-0.91757
-1.05634
-0.95442
-1.05151
-0.31403
0.16012
-0.17370
0.60411
-0.01569
-1.18603
-0.92827
-0.61667
0.88924
0.97298
1.02141
0.99335
-0.39356
-1.19456
-0.83776
-1.21009
-0.18456
1.18145
0.86165
1.18145
-0.32414
-1.13095
-0.94242
-1.02411
-1.00389
-0.92786
-0.11118
0.16113
-0.13659
0.67649
-0.12136
-1.18241
-0.93722
-0.59746
0.94494
0.96261
1.01919
1.02912
-0.34057
-1.23072
-0.80852
-1.24026
-0.04577
1.16758
0.88459
1.13557
-0.48551
-1.10322
-0.96383
-0.99579
-1.06028
-0.60454
0.07804
0.22586
-0.07959
0.54512
-0.18555
-1.21823
-0.88496
-0.42388
1.00708
0.92369
1.06261
0.96442
-0.41604
-1.24084
-0.78803
-1.26647
0.10095
1.13606
0.92368
1.07243
-0.56309
-1.10958
-0.94499
-1.02513
-1.00384
-0.24636
0.06512
0.38419
-0.06274
0.42213
-0.28720
-1.18753
-0.91118
-0.38869
1.04372
0.91846
1.06443
0.95498
-0.34473
-1.23844
-0.79126
-1.26236
0.22340
1.12148
0.94256
1.03625
-0.59279
-1.12807
-0.90790
-1.09007
-0.84252
-0.09038
0.06363
0.30255
0.06330
-0.14295
-0.94371
-1.01172
-1.02630
-0.29430
1.04068
0.94066
1.03941
1.00574
-0.30088
-1.26939
-0.76493
-1.28690
0.19093
1.08157
0.98846
0.96342
-0.64131
-1.14109
-0.88333
-1.12464
-0.77321
-0.09212
0.11371
0.53666
0.09809
-0.25439
-1.01998
-0.98164
-1.04226
-0.18624
1.05328
0.94659
1.03106
1.01296
-0.19596
-1.26537
-0.77133
-1.27576
0.17709
1.05021
1.03115
0.84859
-0.76550
-1.13632
-0.56599
-1.04770
-0.76588
-0.00579
0.05600
0.47871
0.07242
-0.28243
-1.05711
-0.96091
-1.04707
-0.09931
1.03466
0.96387
1.01268
1.04570
-0.19140
-1.28131
-0.75703
-1.29773
0.07794
1.06208
1.02304
0.87641
-0.69194
-1.18021
-0.41657
-1.04967
-0.66147
0.12198
0.02436
0.64664
0.10548
-0.43994
-1.08266
-0.94520
-1.07265
-0.26587
1.01015
0.96402
1.02073
1.02136
-0.30178
-1.26540
-0.76635
-1.28571
-0.15443
1.02968
1.04533
0.86369
-0.65103
-1.21999
-0.07339
-1.03236
-0.48668
0.51412
-0.10227
0.70471
0.16347
-0.52998
-1.07636
-0.95164
-1.06197
-0.18174
1.04649
0.94512
1.04174
0.98158
-0.40291
-1.24975
-0.77356
-1.28055
-0.21970
1.02741
1.04909
0.85436
-0.67264
-1.17379
0.46651
-0.93319
-0.34331
0.68013
-0.21604
0.79773
0.17243
-0.61059
-1.08694
-0.93920
-1.06978
-0.06971
1.04524
0.96800
1.00473
1.05716
-0.19571
-1.26486
-0.78206
-1.25293
-0.31879
1.02675
1.01254
0.96088
-0.57530
-1.08346
0.68753
-0.92833
-0.31104
0.87858
-0.09893
0.71817
0.20310
-0.64941
-1.06437
-0.95801
-1.04430
0.01423
1.06958
0.95559
1.01729
1.03308
-0.30917
-1.24401
-0.79792
-1.23618
-0.37410
1.04897
0.98005
1.04166
-0.35149
-1.18423
0.81405
-0.75297
-0.41202
1.05793
-0.02262
0.65270
0.16611
-0.77515
-1.05032
-0.96240
-1.04207
0.07239
1.08677
0.95209
1.01788
1.02561
-0.24910
-1.22185
-0.82300
-1.20329
-0.44521
1.04314
0.96000
1.09272
-0.12578
-1.19448
1.00041
-0.51833
-0.44175
1.15379
-0.04068
0.65032
0.22583
-0.84410
-1.03892
-0.95544
-1.08309
0.05931
1.12622
0.93119
1.03363
1.00363
-0.33073
-1.20682
-0.84285
-1.16537
-0.61814
0.94066
1.00579
1.06200
0.16686
-1.32083
0.91006
-0.23629
-0.66829
1.18871
0.08911
0.57984
0.20706
-0.90491
-1.01492
-0.97417
-1.05783
0.15727
1.12937
0.93489
1.02202
1.04210
-0.13138
-1.22775
-0.82944
-1.18090
-0.55616
1.00357
0.96741
1.09779
0.30148
-1.21050
0.95828
0.04307
-0.84735
1.19030
0.16417
0.58164
0.11532
-1.10275
-0.95121
-1.00040
-1.07165
0.00413
1.14925
0.92242
1.03068
1.02508
-0.19585
-1.18392
-0.88113
-1.09586
-0.85647
0.77031
1.06727
1.01002
0.57986
-1.25119
0.82343
0.30189
-0.89707
1.08980
0.26208
0.10946
-0.41097
-1.12045
-0.95197
-0.99909
-1.06832
0.26925
1.16614
0.91289
1.04200
0.99707
-0.18695
-1.15938
-0.90632
-1.05658
-0.97052
0.56217
1.14832
0.92823
0.84170
-1.12935
0.80390
0.46599
-1.02521
0.92610
0.55941
-0.11238
-0.87264
-1.02666
-1.01090
-0.94809
-1.13472
0.17366
1.17449
0.91310
1.04140
0.98749
-0.19002
-1.13271
-0.93025
-1.02494
-1.04378
0.33153
1.21993
0.85285
1.03593
-1.04441
0.59941
0.54677
-1.07809
0.87925
0.57882
-0.15399
-0.91099
-1.01353
-1.01853
-0.94504
-1.12610
0.11978
1.14268
0.93978
1.01117
1.04365
-0.10319
-1.13128
-0.94058
-1.00579
-1.08574
0.09480
1.25498
0.81964
1.14110
-0.81923
0.51663
0.85268
-1.10438
0.66528
0.75308
-0.19384
-0.95251
-0.98771
-1.04630
-0.91071
-1.17919
0.08653
1.13994
0.95639
0.98623
1.08707
0.08779
-1.09000
-0.97257
-0.97376
-1.12058
-0.12292
1.23685
0.83338
1.17055
-0.51219
0.48873
1.11734
-0.85552
0.46377
0.93875
-0.32976
-1.02530
-0.96106
-1.05861
-0.91002
-1.15501
0.28571
1.11144
0.97245
0.97634
1.09141
0.01930
-1.11129
-0.95622
-0.99432
-1.08771
-0.37923
1.23086
0.81695
1.22597
0.12601
0.37117
1.26217
-0.73643
0.23571
1.04984
-0.57769
-1.02235
-0.98032
-1.03178
-0.94769
-1.07880
0.46240
1.09223
0.97555
0.98275
1.06976
0.11135
-1.05506
-0.98240
-0.97872
-1.08676
-0.56046
1.11233
0.91964
1.08542
0.75844
0.49734
1.27636
-0.40020
0.13712
1.03203
-0.86262
-1.01618
-0.97485
-1.04663
-0.92073
-1.14207
0.28569
1.10477
0.97469
0.97941
1.07536
0.20501
-0.97118
-1.02683
-0.94335
-1.11101
-0.61411
0.97965
1.02945
0.94937
1.05684
0.76665
1.25802
-0.18815
0.12004
0.98747
-0.97846
-0.98335
-0.99307
-1.03406
-0.93242
-1.11990
0.36164
1.09430
0.98051
0.97794
1.06515
0.14651
-0.93877
-1.04178
-0.93536
-1.10876
-0.67443
0.91558
1.06330
0.92091
1.09351
0.74899
1.26832
0.00883
-0.09531
1.02818
-0.92105
-1.01226
-0.97275
-1.04823
-0.92644
-1.10000
0.55222
1.05056
1.01451
0.94568
1.10753
0.27479
-0.91382
-1.05368
-0.92973
-1.10179
-0.75549
0.83343
1.10770
0.88434
1.13603
0.82771
1.25394
0.13544
-0.46180
0.87652
-0.84671
-1.05112
-0.94499
-1.06755
-0.91653
-1.08639
0.59605
1.03803
1.01637
0.95516
1.07766
0.27593
-0.81324
-1.07395
-0.92964
-1.08441
-0.81484
0.77256
1.11131
0.89818
1.10781
0.87344
1.17931
0.27532
-0.85847
0.31931
-0.74254
-1.11613
-0.90074
-1.09811
-0.89907
-1.06584
0.54151
1.00921
1.04103
0.93054
1.11306
0.36986
-0.88415
-1.04001
-0.96518
-1.03375
-0.94016
0.63742
1.13775
0.89419
1.09819
0.89646
1.13621
0.50441
-0.88396
-0.11199
-0.71690
-1.11508
-0.91484
-1.06970
-0.95240
-0.87152
0.67808
0.99158
1.03876
0.94651
1.07947
0.37016
-0.78967
-1.04623
-0.97866
-1.00019
-1.03478
0.43748
1.18116
0.87302
1.10899
0.89345
1.12928
0.61234
-0.98371
-0.28543
-0.64355
-1.15445
-0.88479
-1.09494
-0.92889
-0.47839
0.58487
0.96885
1.05837
0.92822
1.10038
0.48854
-0.75199
-1.04734
-0.98453
-0.98312
-1.08739
0.20501
1.21830
0.85581
1.11501
0.89890
1.10336
0.75575
-0.85237
-0.42584
-0.64779
-1.17768
-0.85986
-1.12471
-0.87135
-0.34826
0.44472
0.96076
1.06042
0.92834
1.09668
0.51370
-0.72788
-1.05914
-0.97441
-0.99504
-1.06415
0.31678
1.20205
0.86521
1.11092
0.86717
1.05224
0.79082
-0.79989
-0.43627
-0.55012
-1.19617
-0.85288
-1.12744
-0.86712
-0.33158
0.48590
0.98794
1.03746
0.95159
1.07189
0.59617
-0.63490
-1.04538
-0.99717
-0.96377
-1.11799
0.09919
1.20855
0.87396
1.09046
0.93173
1.05462
0.88207
-0.75104
-0.58121
-0.56943
-1.20133
-0.84794
-1.13101
-0.86589
-0.30626
0.37609
0.95376
1.05630
0.93817
1.07930
0.69747
-0.66779
-1.05902
-0.98344
-0.97734
-1.10341
0.12814
1.21919
0.86186
1.10584
0.89737
1.04167
0.85490
-0.65208
-0.59152
-0.62499
-1.18483
-0.85900
-1.12369
-0.85856
-0.23172
0.25425
0.91840
1.06640
0.93247
1.08642
0.63857
-0.65692
-1.05304
-0.98690
-0.97532
-1.10689
-0.04761
1.24101
0.83048
1.16407
0.71118
0.67541
1.05868
-0.59407
-0.65341
-0.61411
-1.17037
-0.87775
-1.09786
-0.91702
-0.33280
0.32096
0.93671
1.05804
0.94207
1.06893
0.76151
-0.58852
-1.07436
-0.97121
-0.98955
-1.09160
0.01428
1.25551
0.81183
1.19165
0.64027
0.56260
1.02819
-0.50915
-0.66249
-0.62300
-1.16161
-0.88402
-1.09490
-0.90773
-0.25906
0.21577
0.88085
1.08195
0.92272
1.09105
0.69061
-0.65016
-1.07379
-0.96658
-0.99753
-1.07861
0.08763
1.26439
0.79591
1.22010
0.55144
0.50953
1.01887
-0.61958
-0.65071
-0.60385
-1.14829
-0.90221
-1.07035
-0.94963
-0.27859
0.13346
0.73729
1.12940
0.89019
1.12139
0.60792
-0.70218
-1.07505
-0.96048
-1.00691
-1.06242
0.16940
1.26681
0.78508
1.24445
0.43943
0.35586
1.03700
-0.70748
-0.56856
-0.57469
-1.15227
-0.90169
-1.06901
-0.95638
-0.27281
0.10667
0.68244
1.16001
0.86131
1.15452
0.51079
-0.73468
-1.09429
-0.93034
-1.04968
-0.98619
0.34423
1.26881
0.75691
1.30429
0.19402
0.22424
1.14621
-0.75700
-0.55454
-0.63689
-1.13539
-0.91390
-1.05652
-0.97816
-0.36025
-0.16623
0.65602
1.15605
0.86882
1.14387
0.47207
-0.65513
-1.10265
-0.92481
-1.05959
-0.95312
0.45236
1.24472
0.76671
1.30906
0.01605
0.33577
0.96587
-0.86860
-0.52924
-0.71038
-1.12584
-0.89827
-1.10245
-0.87346
-0.92834
-0.54697
0.87465
1.05815
0.93257
1.10033
0.43108
-0.74651
-1.07791
-0.93556
-1.06297
-0.91455
0.55441
1.22062
0.77518
1.31360
-0.31234
0.27149
0.99808
-0.91909
-0.57090
-0.81758
-1.08008
-0.93428
-1.00191
-0.92662
-1.10825
-0.53244
0.82408
1.06884
0.92848
1.10003
0.36644
-0.73888
-1.09918
-0.90445
-1.11681
-0.76180
0.77808
1.15570
0.81506
1.27436
-0.47905
0.44889
0.89175
-0.89656
-0.55699
-0.91783
-1.07624
-0.85427
-0.53063
-0.98541
-1.06970
-0.59498
0.77060
1.07225
0.92833
1.09329
0.23894
-0.80088
-1.09769
-0.89303
-1.14882
-0.60686
0.91609
1.08401
0.88444
1.15848
-0.67851
0.64514
0.57253
-0.84585
-0.67127
-0.97302
-0.95794
-0.79206
-0.40843
-1.11131
-0.95705
-0.79809
0.66810
1.02734
0.99265
0.98318
0.07694
-0.84909
-1.07609
