2 1.266920
4 1.387731
7 1.389166
9 2.193290
12 2.377396
14 1.913650
17 1.623464
19 2.699565
22 1.857267
24 2.037202
27 0.418250
29 1.463661
32 3.450140
34 2.637934
37 2.109729
39 1.409716
42 2.132593
44 0.392952
47 0.696111
49 3.350179
51 1.777904
54 1.989286
56 1.427138
59 1.907483
61 1.189661
64 1.561240
66 1.146972
69 3.343657
71 0.097019
74 2.204937
76 2.856805
79 0.985403
81 1.870892
84 1.847055
86 1.815866
89 5.777544
91 0.725654
94 1.934131
96 2.649945
98 4.648869
101 0.638443
103 1.921725
106 1.882504
108 0.981023
111 2.511640
113 1.912299
116 4.897561
118 0.317271
121 0.959726
123 1.608382
126 2.957953
128 1.505848
131 1.311482
133 3.137764
136 2.587005
138 3.361511
141 2.597400
143 1.709455
145 3.320600
148 2.891371
150 2.497079
153 5.223803
155 2.820634
158 1.510272
160 3.037157
163 6.449380
165 5.710983
168 5.210793
170 7.363026
173 3.735117
175 2.755791
178 2.315229
180 3.257953
183 0.566512
185 4.466976
188 1.675388
190 2.021304
192 6.424952
195 0.290327
197 2.645756
200 9.642009
202 5.394374
205 1.546673
207 3.455806
210 1.392302
212 4.569922
215 1.568003
217 8.437131
220 3.954030
222 0.384447
225 2.865165
227 0.150875
230 6.113039
232 9.088351
235 7.770109
237 4.710125
239 6.019415
242 4.010368
244 11.032738
247 5.793130
249 7.056665
252 7.577517
254 6.140399
257 10.009861
259 16.614242
262 23.040814
264 4.671973
267 9.470365
269 10.394887
272 10.576503
274 6.494459
277 9.752946
279 11.188606
282 9.795451
284 24.980168
286 20.130393
289 14.633299
291 43.457932
294 33.616760
296 37.116762
299 43.116690
301 105.216976
304 112.947776
306 192.681381
309 400.662638
311 1239.195633
314 129492.373629
316 2056.946198
319 491.530282
321 191.375092
324 110.821976
326 51.762651
329 42.200618
331 35.401951
333 21.595131
336 15.399681
338 11.567934
341 9.406668
343 9.454502
346 6.838859
348 4.968954
351 3.184466
353 3.517734
356 4.237427
358 1.071797
361 3.362407
363 3.211879
366 4.487485
368 2.763639
371 0.952677
373 1.971481
376 3.057833
378 0.034056
380 1.001865
383 0.667800
385 7.505490
388 0.020659
390 0.585354
393 0.099910
395 0.115605
398 1.056222
400 1.084549
403 0.976355
405 0.136110
408 0.584294
410 0.406005
413 1.203260
415 0.552897
418 0.390828
420 1.756478
423 2.074402
425 6.639740
428 0.841015
430 1.237775
432 0.514035
435 0.408616
437 0.754822
440 0.269740
442 0.702547
445 0.385254
447 2.665762
450 0.145986
452 0.220359
455 0.148886
457 0.174498
460 0.411013
462 0.465028
465 0.786761
467 0.033385
470 1.050575
472 0.085774
475 0.123499
477 0.169444
479 0.335683
482 0.396878
484 0.266497
487 0.239856
489 0.196194
492 0.176282
494 0.901325
497 0.274937
499 0.010994
502 0.393797
504 0.733845
507 0.423009
509 0.034791
512 0.287917
514 0.483881
517 0.400552
519 0.541695
522 0.242737
524 0.100954
526 0.811340
529 0.117533
531 0.828796
534 0.233140
536 0.453101
539 0.149129
541 0.109575
544 0.172391
546 0.202707
549 7.485716
551 1.330123
554 0.283942
556 0.490479
559 0.393460
561 0.001342
564 0.061238
566 0.880238
569 3.145106
571 1.509959
573 1.094591
576 1.114607
578 0.246554
581 0.373883
583 2.148564
586 0.141411
588 0.293820
591 3.605428
593 0.592858
596 3.586685
598 0.065827
601 0.535658
603 0.328574
606 13.027032
608 2.880526
611 5.221726
613 39.444730
616 17.100787
618 24.460688
620 33.301546
623 147.803625
625 224.540380
628 9103.163827
630 942.993464
633 217.901249
635 101.454290
638 65.933105
640 36.099799
643 29.400344
645 28.127344
648 22.846267
650 16.043241
653 8.752245
655 17.659697
658 13.588049
660 13.493101
663 8.540020
665 18.354263
667 11.643101
670 10.184152
672 16.802218
675 16.309334
677 8.550232
680 4.039790
682 5.674041
685 6.531684
687 9.795573
690 11.499763
692 5.117210
695 7.524607
697 11.946576
700 4.908792
702 22.410660
705 16.518210
707 93.993667
710 0.156165
712 5.465707
714 2.819178
717 14.014265
719 8.365940
722 8.070010
724 8.516272
727 2.151133
729 5.655334
732 6.456589
734 3.781507
737 12.054272
739 5.571258
742 5.177762
744 4.477259
747 15.072791
749 8.170425
752 13.727189
754 11.019458
757 3.421372
759 17.672526
761 14.088075
764 11.673617
766 5.901241
769 13.287003
771 6.447338
774 10.470741
776 17.313013
779 10.068137
781 12.228643
784 0.020592
786 5.047987
789 18.687178
791 18.787555
794 27.344658
796 6.778967
799 11.819452
801 9.476409
804 21.173988
806 11.215359
809 27.094560
811 17.623443
813 20.097307
816 18.566235
818 16.115169
821 21.459413
823 6.227000
826 36.105986
828 39.342885
831 13.966654
833 31.702093
836 30.014900
838 33.228974
841 24.003027
843 22.311902
846 40.220154
848 49.297256
851 35.143978
853 32.159297
856 25.863599
858 33.313393
860 21.152991
863 118.143161
865 9.427769
868 76.174953
870 45.731222
873 47.776436
875 37.990943
878 29.450045
880 78.661105
883 62.335689
885 76.543783
888 71.976228
890 79.857053
893 105.656882
895 142.981743
898 125.354577
900 138.999808
903 158.586595
905 203.722215
907 181.427315
910 186.439733
912 269.682604
915 370.553325
917 497.368857
920 526.247888
922 673.690023
925 903.814409
927 1050.299093
930 1714.337422
932 2721.159600
935 4146.368812
937 6448.198647
940 22653.897233
942 501860.290739
945 83195.525656
947 13847.294093
950 6044.918396
952 2855.458815
954 1866.529841
957 1352.948991
959 1067.026309
962 674.375146
964 551.798140
967 396.341087
969 461.956883
972 308.839168
974 279.643328
977 232.136126
979 212.053724
982 185.611371
984 140.037987
987 127.696686
989 126.480734
992 136.171311
994 106.155701
997 96.554962
999 87.449823
1001 61.803342
1004 78.211391
1006 74.828996
1009 54.837938
1011 71.090077
1014 46.514906
1016 29.446536
1019 35.993398
1021 71.974123
1024 21.666631
1026 45.215018
1029 29.670319
1031 35.111489
1034 35.585004
1036 30.927283
1039 52.676847
1041 36.613047
1044 15.645324
1046 15.786842
1048 32.330018
1051 16.705482
1053 15.513287
1056 22.997872
1058 19.250409
1061 18.651915
1063 13.540264
1066 19.619127
1068 18.203899
1071 12.351423
1073 22.780305
1076 12.861027
1078 17.032960
1081 11.533681
1083 9.049862
1086 4.576912
1088 5.910194
1091 26.606945
1093 14.054218
1095 9.034287
1098 17.240764
1100 5.308949
1103 11.128303
1105 13.291477
1108 11.118839
1110 10.655368
1113 10.268366
1115 8.285733
1118 9.347091
1120 12.492710
1123 15.155621
1125 13.438215
1128 5.397779
1130 7.402024
1133 7.878588
1135 7.487066
1138 3.775026
1140 7.068121
1142 7.891834
1145 4.058772
1147 1.064958
1150 8.901913
1152 3.186843
1155 3.564131
1157 9.096697
1160 6.700888
1162 4.216090
1165 8.401121
1167 9.641986
1170 10.379986
1172 1.104172
1175 9.815956
1177 8.603810
1180 11.570670
1182 3.081976
1185 7.003425
1187 7.704054
1190 6.412890
1192 7.617803
1194 4.237525
1197 3.469594
1199 3.356457
1202 2.237872
1204 8.998272
1207 2.062183
1209 1.977214
1212 3.757750
1214 1.005466
1217 6.320270
1219 7.814523
1222 2.480743
1224 11.947645
1227 5.127723
1229 8.463445
1232 10.105793
1234 9.245533
1237 9.293197
1239 5.780655
1241 22.527304
1244 16.599231
1246 34.179736
1249 47.027756
1251 92.643400
1254 341.353823
1256 3074.733193
1259 2998.842090
1261 416.032052
1264 169.877056
1266 92.578058
1269 51.796728
1271 33.130141
1274 21.444163
1276 26.187851
1279 19.442921
1281 15.716595
1284 7.875651
1286 8.443067
1288 11.935065
1291 19.344837
1293 8.352465
1296 8.691770
1298 5.618540
1301 6.577767
1303 9.079719
1306 7.656505
1308 9.054796
1311 16.267810
1313 5.186011
1316 7.826920
1318 4.693430
1321 14.632061
1323 7.896145
1326 6.499087
1328 1.581663
1331 1.963623
1333 3.466433
1335 19.807430
1338 15.094042
1340 9.535181
1343 4.576465
1345 4.194752
1348 3.674355
1350 7.615402
1353 12.819679
1355 5.719111
1358 8.055240
1360 4.123282
1363 6.111018
1365 4.095935
1368 6.152374
1370 6.569595
1373 6.420254
1375 7.855953
1378 4.514978
1380 2.796031
1382 4.382450
1385 5.763470
1387 2.603805
1390 4.239233
1392 4.513603
1395 4.888428
1397 4.240103
1400 8.539971
1402 4.968713
1405 4.848843
1407 6.853408
1410 5.655694
1412 7.789084
1415 7.603021
1417 6.476478
1420 7.534798
1422 3.265458
1425 10.387647
1427 1.350963
1429 5.448434
1432 3.183614
1434 1.816438
1437 3.427121
1439 6.251791
1442 3.390126
1444 3.229829
1447 2.603657
1449 5.052251
1452 3.789242
1454 3.398116
1457 2.726258
1459 3.183404
1462 7.330810
1464 6.650631
1467 0.677789
1469 4.030040
1472 5.429202
1474 3.717100
1476 4.311187
1479 3.938196
1481 4.726847
1484 3.175484
1486 5.116858
1489 4.045877
1491 1.351494
1494 20.324738
1496 9.676472
1499 10.738724
1501 7.790891
1504 5.982097
1506 5.398780
1509 12.420682
1511 17.325878
1514 6.784360
1516 10.254723
1519 3.783532
1521 7.711700
1523 19.046470
1526 12.017182
1528 21.228196
1531 21.376563
1533 15.778068
1536 12.514690
1538 29.144173
1541 12.926826
1543 10.808740
1546 19.296229
1548 26.844638
1551 40.898218
1553 59.253813
1556 77.906902
1558 93.695250
1561 146.375138
1563 214.935128
1566 339.407977
1568 1045.780769
1571 8741.969959
1573 12745.318061
1575 1397.059352
1578 436.675474
1580 201.283186
1583 98.737258
1585 65.991975
1588 28.386774
1590 38.412279
1593 6.491352
1595 19.247378
1598 15.980941
1600 10.791952
1603 9.577638
1605 10.842435
1608 7.523823
1610 1.882336
1613 1.246450
1615 5.310566
1618 0.775392
1620 5.504713
1622 7.494710
1625 2.467471
1627 5.074288
1630 2.453120
1632 4.563184
1635 2.685577
1637 3.513047
1640 1.504020
1642 0.960539
1645 0.648018
1647 4.182774
1650 9.465777
1652 3.792019
1655 1.876247
1657 0.780672
1660 1.527030
1662 4.170512
1665 2.653865
1667 3.008306
1669 2.625655
1672 3.456009
1674 0.644947
1677 0.237919
1679 2.151015
1682 1.713950
1684 1.880346
1687 2.345021
1689 2.398062
1692 0.807775
1694 1.302601
1697 0.392638
1699 2.983271
1702 3.390672
1704 3.161744
1707 2.173370
1709 1.452505
1712 1.192953
1714 2.777816
1716 1.602754
1719 1.234310
1721 0.520260
1724 0.158594
1726 4.125824
1729 6.199419
1731 5.508500
1734 4.780790
1736 2.520452
1739 0.837628
1741 3.636948
1744 5.030926
1746 1.038696
1749 1.490073
1751 2.645930
1754 2.015869
1756 0.180021
1759 1.890969
1761 0.416533
1763 1.687026
1766 1.167325
1768 1.349586
1771 1.132962
1773 2.029393
1776 0.978683
1778 5.218793
1781 1.715199
1783 2.964937
1786 0.566463
1788 0.008118
1791 4.448408
1793 0.916912
1796 4.126914
1798 4.173486
1801 1.022898
1803 3.861916
1806 0.268843
1808 9.836116
1810 2.037459
1813 5.154006
1815 3.903380
1818 3.421991
1820 3.272840
1823 0.073883
1825 4.000539
1828 3.050805
1830 0.193863
1833 13.721829
1835 5.365619
1838 4.434882
1840 1.043483
1843 2.574774
1845 2.598611
1848 5.025111
1850 1.716991
1853 2.463497
1855 1.800575
1857 5.474054
1860 3.240969
1862 18.998567
1865 17.744144
1867 26.292216
1870 27.966206
1872 36.855745
1875 30.300728
1877 55.604383
1880 49.431755
1882 235.686550
1885 2293.588306
1887 1551.980486
1890 571.130400
1892 83.089286
1895 41.955923
1897 37.309913
1900 13.692443
1902 12.786419
1904 12.864566
1907 2.763531
1909 4.970353
1912 2.671478
1914 1.176735
1917 1.378484
1919 4.031241
1922 6.983541
1924 0.314456
1927 1.243652
1929 2.482805
1932 3.641370
1934 0.994722
1937 0.075283
1939 0.385513
1942 4.996628
1944 1.553172
1947 6.831030
1949 0.151592
1952 0.347303
1954 0.995527
1956 1.454986
1959 4.153587
1961 4.598492
1964 24.244885
1966 7.003152
1969 0.184167
1971 9.047560
1974 0.338316
1976 0.538919
1979 8.033857
1981 8.641130
1984 0.845245
1986 2.240794
1989 7.198132
1991 15.130236
1994 21.217667
1996 3.469754
1999 3.835969
2001 0.383333
2003 1.545313
2006 0.182519
2008 2.526097
2011 1.615926
2013 1.477232
2016 2.955618
2018 1.703686
2021 0.027797
2023 0.642328
2026 1.427320
2028 0.325562
2031 1.659312
2033 0.565038
2036 0.704748
2038 0.435914
2041 0.062662
2043 1.769580
2046 0.133720
2048 1.567819
2050 1.070894
2053 1.178860
2055 0.826802
2058 0.170215
2060 0.293945
2063 0.511921
2065 0.503833
2068 2.085405
2070 0.192833
2073 1.761692
2075 1.289329
2078 0.319520
2080 0.373185
2083 0.475503
2085 1.075681
2088 0.792930
2090 2.201005
2093 1.309334
2095 3.502779
2097 0.089342
2100 0.739150
2102 0.189592
2105 0.502155
2107 0.614253
2110 1.903352
2112 1.524028
2115 0.808367
2117 0.350938
2120 1.084988
2122 2.171058
2125 0.307171
2127 0.575062
2130 0.033317
2132 0.365786
2135 1.310592
2137 10.793319
2140 2.827935
2142 0.335533
2144 2.080747
2147 0.112198
2149 4.421694
2152 3.413151
2154 8.946438
2157 1.483086
2159 3.355834
2162 3.674322
2164 7.263083
2167 1.957782
2169 3.848280
2172 3.196645
2174 6.728950
2177 5.400183
2179 7.324948
2182 11.884994
2184 4.901928
2187 14.450335
2189 11.636503
2191 47.303081
2194 46.477182
2196 69.087255
2199 624.852629
2201 1027.913738
2204 216.263855
2206 163.990613
2209 38.431823
2211 37.828365
2214 40.933939
2216 6.473830
2219 4.476962
2221 7.072837
2224 5.839313
2226 2.245133
2229 1.256398
2231 0.660284
2234 0.583965
2236 1.462158
2238 7.266693
2241 1.066582
2243 0.328725
2246 1.317210
2248 0.686324
2251 5.918241
2253 0.023477
2256 0.157705
2258 1.308975
2261 0.617450
2263 2.195566
2266 0.708990
2268 6.093640
2271 3.403770
2273 1.647978
2276 1.054268
2278 13.936908
2281 10.384979
2283 0.525801
2285 1.421569
2288 0.139607
2290 0.073611
2293 0.850081
2295 0.741550
2298 1.949677
2300 2.923631
2303 0.196668
2305 0.594835
2308 0.491770
2310 0.618434
2313 3.603678
2315 0.673990
2318 0.113164
2320 1.602249
2323 1.660737
2325 1.507732
2328 1.490475
2330 5.005131
2333 0.474688
2335 0.231930
2337 0.102656
2340 0.360821
2342 0.190222
2345 0.011049
2347 0.134322
2350 0.294269
2352 0.215060
2355 0.275565
2357 1.521349
2360 2.160789
2362 0.544179
2365 0.486159
2367 0.032500
2370 0.735216
2372 0.374493
2375 0.776152
2377 0.363889
2380 0.090470
2382 0.213441
2384 0.179718
2387 0.633910
2389 0.112719
2392 0.535735
2394 0.454993
2397 3.252841
2399 0.274220
2402 1.782432
2404 0.252306
2407 7.229767
2409 0.418558
2412 0.406021
2414 2.619227
2417 0.124413
2419 0.855644
2422 0.761212
2424 2.761702
2427 0.449252
2429 0.040996
2431 0.253808
2434 7.665324
2436 29.508371
2439 2.380748
2441 1.802714
2444 1.960123
2446 1.074448
2449 0.402021
2451 0.920495
2454 2.231989
2456 0.203596
2459 0.417481
2461 0.314944
2464 0.311772
2466 0.076464
2469 0.851334
2471 1.042630
2474 0.455257
2476 0.595101
2478 0.047008
2481 0.237546
2483 3.962332
2486 1.782465
2488 2.136878
2491 2.741376
2493 3.409352
2496 1.757145
2498 4.839387
2501 2.650771
2503 3.543302
2506 8.250286
2508 7.175415
2511 49.308897
2513 353.384716
2516 3412.350469
2518 99.310401
2521 24.528408
2523 6.144539
2525 4.626572
2528 2.336858
2530 1.679177
2533 3.435333
2535 1.489009
2538 3.568401
2540 0.589399
2543 0.773091
2545 0.329192
2548 1.260457
2550 0.551070
2553 1.351044
2555 0.764730
2558 0.154586
2560 0.042356
2563 0.563998
2565 1.112514
2568 0.196292
2570 0.256728
2572 0.267110
2575 0.217710
2577 0.805657
2580 0.815500
2582 0.397195
2585 0.025695
2587 0.151687
2590 0.048664
2592 12.016267
2595 42.729294
2597 1.095025
2600 3.312799
2602 1.075201
2605 0.152300
2607 1.169190
2610 0.013249
2612 0.986864
2615 0.408548
2617 0.210095
2619 1.005249
2622 1.800415
2624 1.628665
2627 0.099205
2629 0.321648
2632 0.035873
2634 0.226052
2637 0.600203
2639 0.133033
2642 0.135812
2644 0.531808
2647 0.220943
2649 1.342419
2652 0.100896
2654 2.407651
2657 0.378403
2659 0.301955
2662 0.381262
2664 0.287112
2666 0.188620
2669 2.338192
2671 6.521596
2674 3.951617
2676 0.060068
2679 0.263888
2681 0.227475
2684 1.375001
2686 0.577526
2689 0.913620
2691 1.242629
2694 0.757365
2696 0.392704
2699 3.343107
2701 0.067773
2704 0.737222
2706 0.035432
2709 0.348082
2711 0.494114
2714 0.690607
2716 0.149853
2718 0.089320
2721 0.145530
2723 0.230751
2726 0.751789
2728 0.734077
2731 1.465053
2733 1.058343
2736 0.264706
2738 0.175332
2741 1.078038
2743 0.345186
2746 3.063514
2748 0.719506
2751 7.303156
2753 0.067617
2756 1.992023
2758 1.039472
2761 1.238945
2763 0.574523
2765 0.512806
2768 0.635105
2770 0.697602
2773 0.357759
2775 0.106102
2778 0.648101
2780 0.265678
2783 0.229880
2785 1.480337
2788 0.370822
2790 0.090819
2793 3.976313
2795 1.177871
2798 3.161677
2800 2.275794
2803 3.772155
2805 0.013536
2808 0.183569
2810 0.570137
2812 3.956409
2815 5.347129
2817 5.444508
2820 16.669589
2822 13.101437
2825 37.593807
2827 273.689380
2830 4751.444512
2832 162.108052
2835 62.866743
2837 23.351160
2840 23.528028
2842 1.801193
2845 1.054217
2847 5.637423
2850 0.778291
2852 3.354770
2855 2.000549
2857 1.257847
2859 2.467815
2862 3.551603
2864 1.478773
2867 6.045330
2869 0.090487
2872 0.076678
2874 1.030218
2877 0.044414
2879 1.122925
2882 0.128262
2884 1.681448
2887 0.204066
2889 5.175031
2892 0.140737
2894 0.150355
2897 0.854438
2899 0.181996
2902 0.074497
2904 1.108080
2906 1.310014
2909 8.567707
2911 2.061301
2914 0.190419
2916 0.466654
2919 2.110308
2921 4.703612
2924 2.608775
2926 2.431499
2929 3.184041
2931 0.526298
2934 1.375396
2936 3.340370
2939 0.110824
2941 0.590723
2944 0.075719
2946 0.050125
2949 0.061548
2951 1.585732
2953 1.269385
2956 0.905432
2958 1.649921
2961 0.547568
2963 2.033622
2966 3.630180
2968 0.145015
2971 1.069597
2973 1.485933
2976 0.402152
2978 5.828631
2981 12.159604
2983 1.995658
2986 8.556329
2988 2.226553
2991 0.310156
2993 1.619129
2996 2.742491
2998 2.917357
3000 0.829795
3003 0.867882
3005 0.559448
3008 0.792329
3010 2.629552
3013 2.492833
3015 9.655905
3018 2.898716
3020 2.835488
3023 8.329894
3025 0.193955
3028 0.082612
3030 0.782183
3033 0.395574
3035 4.221925
3038 1.239376
3040 0.807862
3043 3.021329
3045 1.402575
3047 1.683333
3050 1.853719
3052 1.667176
3055 2.819457
3057 1.896010
3060 0.075889
3062 3.096693
3065 12.734193
3067 0.800081
3070 1.143208
3072 2.683850
3075 4.597114
3077 8.075154
3080 5.113406
3082 3.263629
3085 1.541580
3087 1.447119
3090 3.813409
3092 0.947933
3095 0.281418
3097 5.341130
3099 0.774602
3102 0.296496
3104 2.433142
3107 5.387080
3109 8.449666
3112 1.776652
3114 1.458791
3117 1.492452
3119 3.708638
3122 0.098277
3124 1.823548
3127 0.370961
3129 1.430643
3132 4.548483
3134 51.369753
3137 17.328817
3139 3.907986
3142 29.240594
3144 231.570385
3146 14.685835
3149 9.641258
3151 11.199558
3154 28.597694
3156 6.052060
3159 1.215919
3161 0.776639
3164 1.850544
3166 7.187499
3169 1.044580
3171 1.968183
3174 0.093818
3176 16.237483
3179 1.198204
3181 0.889834
3184 0.275095
3186 0.492857
3189 4.892288
3191 6.741154
3193 0.310578
3196 1.564613
3198 0.561048
3201 1.061359
3203 0.333526
3206 2.439234
3208 0.601293
3211 1.655383
3213 1.036853
3216 0.628719
3218 3.312722
3221 3.322527
3223 7.641873
3226 0.191809
3228 1.091608
3231 0.626945
3233 0.166821
3236 0.362317
3238 0.700140
3240 0.435140
3243 0.204269
3245 0.291854
3248 2.288918
3250 1.094011
3253 0.667209
3255 1.534951
3258 2.153564
3260 1.307690
3263 3.350991
3265 5.432089
3268 2.037410
3270 7.428524
3273 0.354728
3275 0.057634
3278 0.178917
3280 0.832631
3283 3.375330
3285 1.007945
3287 0.526264
3290 2.439207
3292 0.201219
3295 1.042707
3297 0.163502
3300 3.034535
3302 3.930629
3305 1.089056
3307 7.252580
3310 1.902493
3312 4.069429
3315 0.819545
3317 0.419300
3320 0.304041
3322 1.401206
3325 0.227533
3327 0.255395
3330 0.425929
3332 0.269376
3334 1.999050
3337 1.155933
3339 0.891853
3342 0.361071
3344 1.319172
3347 1.038440
3349 1.088619
3352 2.777551
3354 3.425362
3357 2.829524
3359 1.104247
3362 2.093399
3364 3.336994
3367 0.479386
3369 1.018622
3372 0.191350
3374 1.307198
3377 0.104960
3379 0.640455
3381 5.068591
3384 0.561810
3386 0.316291
3389 0.268449
3391 0.181334
3394 0.093057
3396 0.021824
3399 0.131665
3401 0.687348
3404 4.755053
3406 1.873798
3409 1.671488
3411 2.788977
3414 1.393725
3416 0.171897
3419 0.156984
3421 3.018012
3424 0.008178
3426 0.477758
3428 0.229822
3431 0.111590
3433 1.494149
3436 0.496994
3438 0.538380
3441 1.212907
3443 0.040511
3446 0.787932
3448 8.399121
3451 2.919374
3453 2.514284
3456 13.159432
3458 407.910694
3461 88.827087
3463 19.813764
3466 2.953408
3468 0.028809
3471 0.024938
3473 0.715031
3476 0.628539
3478 0.250160
3480 0.081922
3483 0.387011
3485 0.483556
3488 0.018781
3490 0.461774
3493 0.338948
3495 1.289808
3498 0.128614
3500 0.087137
3503 0.154882
3505 0.372273
3508 0.519492
3510 0.103132
3513 3.051919
3515 0.118256
3518 0.327838
3520 0.073091
3523 0.606622
3525 2.673276
3527 0.100219
3530 0.068574
3532 0.355074
3535 0.463000
3537 2.525481
3540 0.146878
3542 0.367454
3545 0.130691
3547 0.195851
3550 0.815643
3552 0.053576
3555 0.176669
3557 0.447399
3560 0.686141
3562 0.098459
3565 0.020698
3567 0.147106
3570 0.118907
3572 0.098985
3574 0.262274
3577 0.453524
3579 0.086731
3582 0.304709
3584 0.150560
3587 0.261631
3589 0.476880
3592 0.067722
3594 0.400465
3597 0.400033
3599 0.067902
3602 0.766241
3604 0.282933
3607 0.537660
3609 0.320006
3612 0.837925
3614 2.710039
3617 0.469658
3619 0.035081
3621 0.961539
3624 0.618795
3626 0.074140
3629 0.287549
3631 0.265814
3634 1.183500
3636 0.038606
3639 0.369549
3641 0.570437
3644 0.359892
3646 0.174182
3649 0.108143
3651 0.059589
3654 0.005699
3656 0.212006
3659 0.229625
3661 0.037416
3664 0.167048
3666 0.374832
3668 0.137775
3671 0.734654
3673 0.311657
3676 0.043696
3678 0.317226
3681 0.508323
3683 0.026921
3686 0.024309
3688 0.079084
3691 0.084559
3693 3.194008
3696 2.213954
3698 0.138593
3701 0.023430
3703 0.717606
3706 0.334322
3708 0.279063
3711 0.068840
3713 0.250706
3715 0.000645
3718 0.159218
3720 0.620157
3723 0.491143
3725 0.234786
3728 0.377135
3730 0.527560
3733 0.262190
3735 0.839629
3738 0.265782
3740 0.360522
3743 1.028528
3745 0.266304
3748 0.650419
3750 2.788360
3753 1.271546
3755 3.380655
3758 1.765975
3760 0.582792
3762 0.187067
3765 1.777271
3767 4.389289
3770 15.265257
3772 133.189292
3775 167.952290
3777 12.823543
3780 10.573654
3782 6.546694
3785 2.692785
3787 0.281039
3790 0.188313
3792 0.704602
3795 0.500344
3797 0.081210
3800 0.172872
3802 0.951643
3805 1.311890
3807 0.620068
3809 0.527872
3812 0.089508
3814 0.453451
3817 0.184789
3819 0.114886
3822 0.334036
3824 0.352384
3827 1.815053
3829 0.431190
3832 0.388149
3834 0.106133
3837 2.015178
3839 1.190296
3842 1.550484
3844 1.033942
3847 2.362208
3849 3.792726
3852 3.611980
3854 0.009782
3857 0.230288
3859 0.089479
3861 0.340003
3864 0.005850
3866 0.654580
3869 0.700100
3871 0.088496
3874 1.217037
3876 0.331079
3879 0.643827
3881 3.185655
3884 4.122448
3886 0.232182
3889 0.276410
3891 0.109825
3894 0.097297
3896 1.441090
3899 0.131559
3901 1.074090
3904 0.099268
3906 0.199780
3908 0.116258
3911 0.080043
3913 0.253601
3916 0.007911
3918 0.248457
3921 0.185152
3923 0.665010
3926 2.139283
3928 0.292886
3931 2.989055
3933 0.274428
3936 1.157612
3938 0.145626
3941 1.681609
3943 0.020398
3946 1.081718
3948 0.287575
3951 0.201075
3953 0.339816
3955 0.154183
3958 2.848171
3960 0.997797
3963 0.794553
3965 0.248322
3968 1.047265
3970 0.445256
3973 1.490985
3975 0.506184
3978 0.009657
3980 0.768729
3983 0.402403
3985 0.034014
3988 0.041271
3990 0.117338
3993 0.413657
3995 0.158082
3998 0.666933
4000 0.343744
4002 1.563042
4005 0.048856
4007 1.366374
4010 0.460083
4012 1.471541
4015 1.778455
4017 0.683368
4020 2.035905
4022 1.159405
4025 2.427828
4027 2.792968
4030 0.594227
4032 0.420580
4035 0.553564
4037 1.618136
4040 0.403556
4042 5.410394
4045 3.621031
4047 0.980469
4049 3.311848
4052 4.706773
4054 3.974623
4057 1.379648
4059 0.192027
4062 0.465233
4064 6.743259
4067 4.037110
4069 5.774212
4072 5.886179
4074 10.759981
4077 17.858122
4079 42.747130
4082 98.676137
4084 156.774674
4087 2969.423181
4089 904.023229
4092 237.825953
4094 131.036370
4096 52.629552
4099 28.323959
4101 23.028657
4104 24.358993
4106 9.369521
4109 5.530644
4111 12.733134
4114 6.476050
4116 6.532526
4119 3.157555
4121 6.975671
4124 4.480482
4126 3.269322
4129 15.168552
4131 4.774048
4134 27.598912
4136 6.255370
4139 0.544307
4141 2.458235
4143 1.825988
4146 7.479075
4148 0.422505
4151 17.633214
4153 6.184048
4156 0.473768
4158 2.012352
4161 1.314013
4163 0.508229
4166 1.217251
4168 1.307780
4171 2.914391
4173 4.304220
4176 2.452264
4178 30.418833
4181 0.463961
4183 4.684516
4186 24.250240
4188 0.519438
4190 4.165677
4193 1.466722
4195 1.389761
4198 1.657665
4200 20.143186
4203 0.614316
4205 1.596768
4208 1.574136
4210 11.598028
4213 16.636646
4215 5.653206
4218 1.260341
4220 1.222693
4223 1.135002
4225 1.516903
4228 5.002128
4230 1.077530
4233 0.284071
4235 5.020384
4238 0.720858
4240 0.272597
4242 8.496657
4245 3.684756
4247 4.593337
4250 4.990785
4252 9.628369
4255 6.309438
4257 1.368989
4260 0.214496
4262 0.140581
4265 0.629614
4267 0.641864
4270 4.297964
4272 0.912667
4275 1.556279
4277 0.209131
4280 1.160302
4282 6.995342
4285 0.189098
4287 0.593502
4289 6.368634
4292 2.584779
4294 7.608003
4297 2.315282
4299 4.897635
4302 4.453282
4304 1.615814
4307 6.835874
4309 1.769743
4312 1.527528
4314 8.074834
4317 12.760559
4319 1.784026
4322 5.248365
4324 7.675312
4327 1.775082
4329 1.611573
4332 4.744875
4334 0.300577
4336 1.558542
4339 0.154783
4341 0.128127
4344 0.977757
4346 0.049140
4349 0.948252
4351 0.882913
4354 1.372945
4356 0.470433
4359 0.480416
4361 4.457110
4364 3.707279
4366 2.303943
4369 2.774886
4371 0.619296
4374 1.527825
4376 0.182058
4379 2.384762
4381 1.554433
4383 1.214575
4386 2.410442
4388 1.141164
4391 9.650508
4393 9.609636
4396 4.002638
4398 23.981568
4401 719.047432
4403 329.820320
4406 26.798382
4408 3.799090
4411 0.302814
4413 0.582193
4416 0.064414
4418 1.846904
4421 0.479294
4423 0.173575
4426 0.136599
4428 0.126488
4430 1.371933
4433 0.946236
4435 1.363927
4438 2.260431
4440 2.258243
4443 0.714215
4445 0.094680
4448 0.010209
4450 0.668265
4453 0.139351
4455 0.744617
4458 1.397920
4460 0.074935
4463 0.094721
4465 0.556366
4468 0.726762
4470 0.202049
4473 2.315929
4475 2.758336
4477 1.839622
4480 17.259102
4482 3.284926
4485 0.108186
4487 0.287015
4490 0.730209
4492 2.066832
4495 0.853596
4497 1.384681
4500 0.136040
4502 0.055886
4505 0.815205
4507 0.200228
4510 0.096948
4512 0.887802
4515 0.135408
4517 0.356508
4520 0.687696
4522 0.508959
4524 0.214956
4527 0.296502
4529 0.356111
4532 0.379741
4534 0.162921
4537 0.228021
4539 0.075270
4542 1.749459
4544 0.109092
4547 0.401604
4549 0.094425
4552 0.139018
4554 0.569380
4557 2.478646
4559 1.025851
4562 0.024067
4564 1.253801
4567 0.159794
4569 0.316585
4571 0.155732
4574 0.221149
4576 0.194900
4579 0.097031
4581 0.340434
4584 0.009663
4586 0.214640
4589 0.107527
4591 0.347521
4594 0.050405
4596 0.455920
4599 0.275689
4601 0.213615
4604 0.129330
4606 0.011257
4609 0.721831
4611 0.216216
4614 0.357009
4616 0.005860
4619 0.053214
4621 1.819147
4623 0.284700
4626 0.620073
4628 0.035785
4631 0.303198
4633 0.024597
4636 0.329948
4638 0.231492
4641 0.044745
4643 0.797793
4646 0.089123
4648 0.010089
4651 0.008401
4653 0.916952
4656 0.070130
4658 0.016935
4661 0.567168
4663 0.135628
4666 0.119355
4668 0.194109
4670 0.097993
4673 0.005913
4675 0.051367
4678 0.395757
4680 0.058250
4683 0.119617
4685 0.079067
4688 0.064102
4690 0.029799
4693 0.188129
4695 0.192433
4698 0.348283
4700 0.446926
4703 0.555127
4705 0.611280
4708 0.264098
4710 0.333998
4713 4.007501
4715 46.619314
4717 0.422903
4720 2.858008
4722 0.157372
4725 0.076477
4727 0.170398
4730 0.206118
4732 0.362210
4735 0.051843
4737 0.098124
4740 0.098376
4742 0.137037
4745 0.020913
4747 0.022960
4750 0.558882
4752 0.222624
4755 1.518194
4757 0.252330
4760 0.041753
4762 0.018891
4764 0.389360
4767 0.166878
4769 0.119288
4772 0.026070
4774 0.002991
4777 0.114750
4779 0.011257
4782 0.100034
4784 0.147303
4787 0.078513
4789 0.070362
4792 0.087644
4794 0.075551
4797 0.665523
4799 0.044125
4802 0.108117
4804 0.048871
4807 0.038519
4809 0.117002
4811 0.062364
4814 0.057536
4816 0.150554
4819 0.371037
4821 0.021146
4824 0.098994
4826 0.048313
4829 0.007881
4831 0.011091
4834 0.000379
4836 0.217287
4839 0.453255
4841 0.026835
4844 0.038370
4846 0.074068
4849 0.046789
4851 0.019828
4854 0.031225
4856 0.043231
4858 0.015879
4861 0.165759
4863 0.416454
4866 0.000700
4868 0.066493
4871 0.029034
4873 0.348873
4876 0.204576
4878 0.089423
4881 0.009269
4883 0.017999
4886 0.040934
4888 0.063880
4891 0.003177
4893 0.276773
4896 0.157207
4898 0.036069
4901 0.005092
4903 0.088205
4905 0.076575
4908 0.175889
4910 0.096144
4913 0.010180
4915 0.012992
4918 0.185228
4920 0.013093
4923 0.257180
4925 0.126545
4928 0.080420
4930 0.183597
4933 0.210613
4935 0.115514
4938 0.131196
4940 0.204504
4943 0.276095
4945 0.028638
4948 0.101987
4950 0.096377
4952 0.104114
4955 0.186975
4957 0.113937
4960 0.022966
4962 0.155778
4965 0.489700
4967 20.240038
4970 7.446081
4972 1.681965
4975 0.054273
4977 0.018793
4980 0.008117
4982 0.086765
4985 0.329679
4987 0.457722
4990 0.033463
4992 0.000665
4995 0.103432
4997 0.280179
