0.155520 0.000000
0.106284 -0.000309
0.025638 -0.001323
0.212538 0.002201
-0.018800 -0.003615
0.180596 0.002651
0.074899 -0.001335
0.063351 -0.001843
0.168503 0.003447
0.031513 -0.004308
0.124073 0.001515
0.137564 0.002449
-0.005422 -0.008352
0.243400 0.012017
-0.049571 -0.013821
0.211431 0.010851
0.043866 -0.006051
0.094628 -0.000608
0.137061 0.004211
0.062926 -0.004681
0.092926 -0.000891
0.168253 0.009106
-0.035598 -0.019253
0.273178 0.025682
-0.079211 -0.027863
0.241236 0.022890
0.013670 -0.014620
0.125264 0.004496
0.106162 0.001100
0.093752 -0.001187
0.062568 -0.007135
0.197867 0.019556
-0.064407 -0.033899
0.301398 0.043055
-0.107240 -0.045595
0.269536 0.038625
-0.015214 -0.026906
0.154782 0.013342
0.076279 -0.005766
0.123514 0.006046
0.033468 -0.017073
0.225938 0.033636
-0.091388 -0.052104
0.327596 0.063933
-0.133207 -0.066809
0.295874 0.057851
-0.042330 -0.042715
0.182725 0.025747
0.047867 -0.016204
0.151758 0.016832
0.006072 -0.030505
0.252021 0.051121
-0.116107 -0.073627
0.351343 0.088059
-0.156682 -0.091243
0.319823 0.080309
-0.067253 -0.061800
0.208662 0.041470
0.021356 -0.029980
0.178060 0.030927
-0.019198 -0.047173
0.275708 0.071737
-0.138160 -0.098171
0.372242 0.115125
-0.177273 -0.118583
0.340992 0.105691
-0.089585 -0.083857
0.232205 0.060221
-0.002859 -0.046805
0.202032 0.048042
-0.041958 -0.066771
0.296624 0.095160
-0.157182 -0.125392
0.389937 0.144773
-0.194626 -0.148465
0.359030 0.133637
-0.108977 -0.108541
0.252995 0.081660
-0.024428 -0.066346
0.223322 0.067836
-0.061869 -0.088949
0.314441 0.121019
-0.172853 -0.154903
0.404120 0.176603
-0.208437 -0.180487
0.373633 0.163749
-0.125122 -0.135460
0.270725 0.105408
-0.043043 -0.088228
0.241630 0.089932
-0.078639 -0.113317
0.328875 0.148906
-0.184905 -0.186279
0.414529 0.210177
-0.218454 -0.214208
0.384548 0.195591
-0.137767 -0.164191
0.285139 0.131051
-0.058447 -0.112042
0.256703 0.113917
-0.092026 -0.139449
0.339701 0.178382
-0.193127 -0.219065
0.420963 0.245030
-0.224478 -0.249160
0.391577 0.228701
-0.146709 -0.194281
0.296037 0.158148
-0.070438 -0.137349
0.268349 0.139353
-0.101844 -0.166897
0.346749 0.208983
-0.197359 -0.252780
0.423276 0.280674
-0.226369 -0.284852
0.394584 0.262592
-0.151810 -0.225254
0.303270 0.186231
-0.078872 -0.163693
0.276425 0.165777
-0.107968 -0.195192
0.349904 0.240225
-0.197508 -0.286930
0.421385 0.316601
-0.224054 -0.320778
0.393490 0.296766
-0.152989 -0.256624
0.306757 0.214825
-0.083666 -0.190601
0.280854 0.192718
-0.110332 -0.223853
0.349120 0.271615
-0.193541 -0.321010
0.415271 0.352303
-0.217514 -0.356424
0.388284 0.330719
-0.150225 -0.287892
0.306475 0.243446
-0.084793 -0.217595
0.281620 0.219699
-0.108929 -0.252394
0.344408 0.302660
-0.185485 -0.354513
0.404975 0.387265
-0.206802 -0.391282
0.379011 0.363943
-0.143565 -0.318569
0.302461 0.271610
-0.082294 -0.244201
0.278766 0.246245
-0.103818 -0.280337
0.335843 0.332870
-0.173435 -0.386942
0.390603 0.420987
-0.192028 -0.424848
0.365783 0.395946
-0.133112 -0.348170
0.294813 0.298845
-0.076265 -0.269954
0.272394 0.271890
-0.095116 -0.307214
0.323559 0.361766
-0.157544 -0.417814
0.372322 0.452977
-0.173366 -0.456638
0.348771 0.426249
-0.119031 -0.376227
0.283692 0.324695
-0.066864 -0.294405
0.262667 0.296189
-0.082997 -0.332573
0.307750 0.388896
-0.138023 -0.446665
0.350358 0.482775
-0.151047 -0.486188
0.328206 0.454398
-0.101544 -0.402298
0.269311 0.348730
-0.054299 -0.317128
0.249802 0.318721
-0.067693 -0.355992
0.288667 0.413830
-0.115140 -0.473064
0.324993 0.509946
-0.125357 -0.513069
0.304371 0.479973
-0.080927 -0.425973
0.251937 0.370547
-0.038838 -0.337731
0.234069 0.339096
-0.049486 -0.377081
0.266609 0.436175
-0.089216 -0.496615
0.296560 0.534093
-0.096636 -0.536891
0.277599 0.502589
-0.057505 -0.446876
0.231887 0.389783
-0.020790 -0.355861
0.215783 0.356965
-0.028704 -0.395488
0.241925 0.455580
-0.060616 -0.516964
0.265439 0.554865
-0.065267 -0.557302
0.248272 0.521906
-0.031648 -0.464680
0.209519 0.406120
-0.000510 -0.371204
0.195302 0.372017
-0.005719 -0.410911
0.215004 0.471738
-0.029749 -0.533806
0.232049 0.571955
-0.031675 -0.574008
0.216806 0.537632
-0.003763 -0.479102
0.185230 0.419286
0.021610 -0.383497
0.173021 0.383998
0.019061 -0.423091
0.186271 0.484394
0.002943 -0.546886
0.196847 0.585116
0.003684 -0.586759
0.183655 0.549532
0.025711 -0.489917
0.159448 0.429061
0.045150 -0.392531
0.149364 0.392699
0.045202 -0.431827
0.156178 0.493349
0.036990 -0.556008
0.160313 0.594154
0.040324 -0.595372
0.149296 0.557426
0.056308 -0.496950
0.132624 0.435287
0.069665 -0.398147
0.124777 0.397974
0.072247 -0.436973
0.125201 0.498464
0.071900 -0.561033
0.122951 0.598938
0.077741 -0.599717
0.114225 0.561198
0.087546 -0.500093
0.105228 0.437858
0.094695 -0.400252
0.099722 0.399732
0.099722 -0.438445
0.093828 0.499654
0.107168 -0.561888
0.085276 0.599394
0.115419 -0.599734
0.078949 0.560786
0.118932 -0.499297
0.077736 0.436731
0.119771 -0.398810
0.074667 0.397941
0.127148 -0.436218
0.062553 0.496905
0.142284 -0.558557
0.047807 0.595519
0.152838 -0.595420
0.043978 0.556200
0.149971 -0.494572
0.050630 0.431926
0.144422 -0.393844
0.050084 0.392633
0.154048 -0.430330
0.031870 0.490256
0.176740 -0.551095
0.011062 0.587367
0.189483 -0.586842
0.009820 0.547507
0.180174 -0.485995
0.024381 0.423519
0.168187 -0.385440
0.026432 0.383896
0.179951 -0.420879
0.002263 0.479813
0.210038 -0.539613
-0.024455 0.575061
0.224848 -0.574125
-0.023035 0.534839
0.209064 -0.473701
-0.000551 0.411651
0.190616 -0.373741
0.004159 0.371882
0.204403 -0.408019
-0.025802 0.465742
0.241698 -0.524283
-0.058255 0.558779
0.258450 -0.557456
-0.054111 0.518385
0.236186 -0.457883
-0.023727 0.396519
0.211285 -0.358947
-0.016312 0.356795
0.226975 -0.391965
-0.051881 0.448265
0.271266 -0.505336
-0.089878 0.538764
0.289830 -0.537076
-0.082964 0.498398
0.261111 -0.438790
-0.044739 0.378374
0.229794 -0.341310
-0.034586 0.338894
0.247266 -0.372982
-0.075564 0.427657
0.298320 -0.483059
-0.118896 0.515305
0.318564 -0.513289
-0.109182 0.475174
0.283448 -0.416724
-0.063210 0.357515
0.245782 -0.321134
-0.050306 0.318486
0.264912 -0.351386
-0.096477 0.404244
0.322474 -0.457786
-0.144921 0.488749
0.344268 -0.486439
-0.132395 0.449065
0.302844 -0.392031
-0.078807 0.334290
0.258929 -0.298765
-0.063154 0.295923
0.279594 -0.327534
-0.114290 0.378394
0.343392 -0.429897
-0.167610 0.459481
0.366604 -0.456919
-0.152277 0.420461
0.318991 -0.365103
-0.091244 0.309085
0.268960 -0.274590
-0.072863 0.271592
0.291039 -0.301825
-0.128722 0.350516
0.360783 -0.399810
-0.186670 0.427929
0.385286 -0.425161
-0.168555 0.389792
0.331638 -0.336363
-0.100283 0.282320
0.275654 -0.249028
-0.079214 0.245917
0.299028 -0.274689
-0.139546 0.321049
0.374412 -0.367976
-0.201865 0.394551
0.400081 -0.391623
-0.181012 0.357517
0.340582 -0.306263
-0.105745 0.254444
0.278842 -0.222520
-0.082048 0.219344
0.303396 -0.246577
-0.146591 0.290458
0.384102 -0.334871
-0.213014 0.359830
0.410815 -0.356792
-0.189487 0.324117
0.345683 -0.275280
-0.107506 0.225922
0.278415 -0.195531
-0.081260 0.192338
0.304038 -0.217962
-0.149748 0.259227
0.389734 -0.300986
-0.220001 0.324269
0.417378 -0.321170
-0.193883 0.290090
0.346862 -0.243902
-0.105502 0.197234
0.274324 -0.168536
-0.076805 0.165372
0.300911 -0.189326
-0.148963 0.227845
0.391257 -0.266829
-0.222768 0.288375
0.419720 -0.285269
-0.194162 0.255941
0.344100 -0.212623
-0.099734 0.168865
0.266581 -0.142013
-0.068702 0.138924
0.294030 -0.161154
-0.144252 0.196810
0.388677 -0.232902
-0.221324 0.252662
0.417855 -0.249600
-0.190354 0.222175
0.337437 -0.181936
-0.090262 0.141296
0.255256 -0.116433
-0.057030 0.113468
0.283474 -0.133923
-0.135688 0.166611
0.382064 -0.199707
-0.215740 0.217637
0.411860 -0.214669
-0.182546 0.189289
0.326983 -0.152326
-0.077204 0.114997
0.240485 -0.092260
-0.041927 0.089463
0.269384 -0.108101
-0.123406 0.137723
0.371551 -0.167730
-0.206149 0.183793
0.401873 -0.180966
-0.170888 0.157764
0.312900 -0.124259
-0.060742 0.090420
0.222457 -0.069936
-0.023588 0.067348
0.251953 -0.084132
-0.107600 0.110603
0.357327 -0.137437
-0.192741 0.151600
0.388091 -0.148960
-0.155589 0.128059
0.295409 -0.098178
-0.041111 0.067994
0.201416 -0.049876
-0.002267 0.047538
0.231434 -0.062433
-0.088520 0.085677
0.339642 -0.109266
-0.175765 0.121502
0.370770 -0.119093
-0.136911 0.100600
0.274789 -0.074495
-0.018599 0.048111
0.177662 -0.032461
0.021735 0.030411
0.208129 -0.043388
-0.066466 0.063341
0.318793 -0.083621
-0.155519 0.093906
0.350213 -0.091767
-0.115169 0.075781
0.251363 -0.053583
0.006460 0.031127
0.151539 -0.018036
0.048071 0.016303
0.182391 -0.027340
-0.041786 0.043945
0.295128 -0.060863
-0.132352 0.069178
0.326771 -0.067343
-0.090722 0.053950
0.225502 -0.035771
0.033684 0.017353
0.123433 -0.006897
0.076349 0.005508
0.154607 -0.014585
-0.014870 0.027796
0.269034 -0.041308
-0.106654 0.047640
0.300837 -0.046138
-0.063971 0.035407
0.197610 -0.021340
0.062657 0.007050
0.093764 0.000710
0.106144 -0.001733
0.125202 -0.005368
0.013857 0.015148
0.240934 -0.025219
-0.078850 0.029557
0.272839 -0.028412
-0.035349 0.020400
0.168130 -0.010518
0.092935 0.000424
0.062984 0.004591
0.137002 -0.005232
0.094633 0.000120
0.043943 0.006200
0.211282 -0.012806
-0.049389 0.015143
0.243234 -0.014374
-0.005313 0.009121
0.137527 -0.003477
0.124049 -0.002373
0.031570 0.004613
0.168451 -0.004863
0.063374 0.001748
0.074914 0.001095
0.180553 -0.004220
-0.018748 0.004552
0.212498 -0.004170
0.025657 0.001701
0.106284 -0.000325
0.155512 -0.001253
0.000004 0.000701
0.200000 -0.000556
0.031913 -0.000556
0.106281 -0.000088
0.149233 0.000451
0.012584 -0.002125
0.181120 0.002112
0.057068 -0.001787
0.074890 -0.001114
0.186830 0.003812
-0.031216 -0.007157
0.231155 0.007695
0.000747 -0.006801
0.137550 0.002670
0.117819 0.001179
0.044113 -0.004855
0.149596 0.004448
0.088427 -0.001334
0.043845 -0.005831
0.217510 0.012789
-0.061597 -0.018912
0.261421 0.019834
-0.029634 -0.016935
0.168225 0.009325
0.086802 -0.002002
0.075345 -0.003670
0.118416 0.002875
0.119240 0.003005
0.013635 -0.014402
0.247061 0.025583
-0.090653 -0.034452
0.290315 0.035744
-0.058744 -0.030843
0.197824 0.019773
0.056667 -0.008997
0.105796 0.001338
0.088065 -0.002508
0.149028 0.011118
-0.015264 -0.026691
0.275014 0.042035
-0.117917 -0.053606
0.317369 0.055246
-0.086118 -0.048352
0.225881 0.033849
0.027882 -0.019650
0.134999 0.010016
0.059007 -0.011544
0.177331 0.022832
-0.042394 -0.042504
0.300917 0.061933
-0.142941 -0.076144
0.342142 0.078106
-0.111313 -0.069230
0.251951 0.051330
0.000889 -0.033747
0.162510 0.022156
0.031682 -0.024019
0.203712 0.037916
-0.067329 -0.061593
0.324350 0.085006
-0.165312 -0.101782
0.364221 0.104035
-0.133919 -0.093192
0.275624 0.071942
-0.023898 -0.051024
0.187920 0.037495
0.006498 -0.039664
0.227771 0.056090
-0.089677 -0.083657
0.344928 0.110934
-0.184653 -0.130187
0.383232 0.132694
-0.153565 -0.119904
0.296527 0.095358
-0.046106 -0.071163
0.210853 0.055722
-0.016173 -0.058163
0.249147 0.077025
-0.109081 -0.108346
0.362311 0.139350
-0.200628 -0.160978
0.398849 0.163699
-0.169921 -0.148985
0.314330 0.121210
-0.065402 -0.093807
0.230980 0.076482
-0.036008 -0.079158
0.267521 0.100348
-0.125239 -0.135272
0.376203 0.169849
-0.212953 -0.193737
0.410791 0.196627
-0.182708 -0.180019
0.328753 0.149090
-0.081503 -0.118557
0.248018 0.099383
-0.052727 -0.102252
0.282626 0.125654
-0.137894 -0.164010
0.386364 0.201989
-0.221396 -0.228010
0.418833 0.231024
-0.191700 -0.212554
0.339568 0.178559
-0.094181 -0.144983
0.261737 0.124000
-0.066107 -0.127019
0.294248 0.152501
-0.146848 -0.194108
0.392607 0.235301
-0.225783 -0.263321
0.422804 0.266409
-0.196732 -0.246116
0.346604 0.209151
-0.103260 -0.172632
0.271964 0.149884
-0.075981 -0.153007
0.302231 0.180432
-0.151960 -0.225091
0.394805 0.269296
-0.226002 -0.299171
0.422597 0.302280
-0.197695 -0.280213
0.349749 0.240383
-0.108628 -0.201031
0.278584 0.176569
-0.082240 -0.179749
0.306479 0.208970
-0.153148 -0.256469
0.392896 0.303473
-0.221998 -0.335050
0.418167 0.338131
-0.194543 -0.314339
0.348956 0.271764
-0.110229 -0.229699
0.281544 0.203581
-0.084836 -0.206770
0.306957 0.237632
-0.150394 -0.287749
0.386877 0.337328
-0.213782 -0.370444
0.409532 0.373447
-0.187292 -0.347989
0.344236 0.302800
-0.108071 -0.258150
0.280851 0.230441
-0.083782 -0.233591
0.303690 0.265935
-0.143741 -0.318435
0.376810 0.370357
-0.201431 -0.404847
0.396772 0.407722
-0.176024 -0.380663
0.335662 0.332998
-0.102224 -0.285909
0.276571 0.256678
-0.079153 -0.259744
0.296765 0.293402
-0.133296 -0.348047
0.362816 0.402066
-0.185080 -0.437764
0.380028 0.440458
-0.160879 -0.411875
0.323371 0.361884
-0.092817 -0.312507
0.268832 0.281833
-0.071080 -0.284771
0.286329 0.319574
-0.119223 -0.376115
0.345079 0.431983
-0.164926 -0.468714
0.359505 0.471184
-0.142059 -0.441156
0.307556 0.389002
-0.080035 -0.337501
0.257819 0.305471
-0.059754 -0.308237
0.272585 0.344013
-0.101743 -0.402199
0.323841 0.459660
-0.141223 -0.497251
0.335461 0.499451
-0.119819 -0.468069
0.288466 0.413923
-0.064122 -0.360475
0.243770 0.327181
-0.045418 -0.329738
0.255790 0.366313
-0.081131 -0.425886
0.299394 0.484682
-0.114280 -0.522957
0.308210 0.524848
-0.094472 -0.492211
0.266402 0.436255
-0.045368 -0.381046
0.226973 0.346588
-0.028366 -0.348902
0.236251 0.386102
-0.057715 -0.446804
0.272083 0.506672
-0.084453 -0.545460
0.278114 0.547004
-0.066373 -0.513217
0.241714 0.455646
-0.024112 -0.398871
0.207762 0.363359
-0.008936 -0.365399
0.214319 0.403051
-0.031862 -0.464621
0.242296 0.525301
-0.052143 -0.564426
0.245578 0.565595
-0.035922 -0.530773
0.214789 0.471789
-0.000732 -0.413654
0.186511 0.377206
0.012495 -0.378946
0.190384 0.416880
-0.003980 -0.479058
0.210459 0.540289
-0.017789 -0.579582
0.211042 0.580349
-0.003556 -0.544615
0.186052 0.484431
0.024358 -0.425150
0.163626 0.387891
0.035519 -0.389309
0.164867 0.427359
0.025491 -0.489886
0.177029 0.551411
0.018141 -0.590701
0.174981 0.591051
0.030261 -0.554529
0.155958 0.493374
0.050719 -0.433166
0.139542 0.395234
0.059698 -0.396311
0.138216 0.434316
0.056087 -0.496933
0.142488 0.558499
0.055153 -0.597623
0.137889 0.597543
0.065039 -0.560372
0.124979 0.498473
0.077889 -0.437574
0.114711 0.399102
0.084578 -0.399836
0.110896 0.437631
0.087324 -0.500092
0.107336 0.561444
0.092736 -0.600249
0.100276 0.599728
0.100276 -0.562056
0.093605 0.499647
0.105392 -0.438298
0.089600 0.399434
0.109691 -0.399820
0.083385 0.437252
0.118710 -0.499312
0.072080 0.560203
0.130373 -0.598537
0.062663 0.597575
0.135463 -0.559553
0.062331 0.496881
0.132751 -0.435326
0.064678 0.396222
0.134569 -0.396264
0.056163 0.433186
0.149750 -0.494603
0.037231 0.554797
0.167544 -0.592512
0.025567 0.591119
0.170090 -0.552900
0.031650 0.490219
0.159488 -0.428705
0.040413 0.389524
0.158744 -0.389225
0.029703 0.425502
0.179954 -0.486038
0.003292 0.545308
0.203737 -0.582263
-0.010500 0.580452
0.203657 -0.542199
0.002045 0.479762
0.185134 -0.418547
0.017261 0.379451
0.181761 -0.378828
0.004471 0.414322
0.208847 -0.473759
-0.029245 0.531875
0.238455 -0.567944
-0.045042 0.565729
0.235680 -0.527612
-0.026016 0.465677
0.209242 -0.405020
-0.004340 0.366175
0.203184 -0.365249
-0.019093 0.399834
0.235973 -0.457956
-0.059914 0.514703
0.271223 -0.549764
-0.077588 0.547170
0.265699 -0.509359
-0.052091 0.448186
0.231385 -0.388348
-0.023976 0.349923
0.222604 -0.348721
-0.040571 0.382278
0.260904 -0.438876
-0.088275 0.494051
0.301595 -0.527988
-0.107695 0.525044
0.293284 -0.487714
-0.075769 0.427564
0.251171 -0.368807
-0.041266 0.330974
0.239644 -0.329527
-0.059582 0.361945
0.283246 -0.416823
-0.113924 0.470230
0.329163 -0.502935
-0.134959 0.499678
0.318043 -0.463001
-0.096676 0.404138
0.268245 -0.346720
-0.055871 0.309656
0.253965 -0.307995
-0.075783 0.339173
0.302647 -0.392144
-0.136499 0.443599
0.353560 -0.474972
-0.159019 0.471442
0.339628 -0.435593
-0.114483 0.378276
0.282295 -0.322454
-0.067491 0.286333
0.265274 -0.284497
-0.088878 0.314341
0.318802 -0.365227
-0.155686 0.414556
0.374468 -0.444507
-0.179560 0.440747
0.357739 -0.405901
-0.128908 0.350386
0.293059 -0.296416
-0.075878 0.261410
0.273328 -0.259441
-0.098619 0.287863
0.331455 -0.336498
-0.171222 0.383537
0.391622 -0.411984
-0.196323 0.408039
0.372131 -0.374371
-0.139724 0.320908
0.300328 -0.269038
-0.080836 0.235317
0.277937 -0.233260
-0.104814 0.260180
0.340408 -0.306409
-0.182900 0.351007
0.404811 -0.377872
-0.209106 0.373793
0.382612 -0.341471
-0.146762 0.290308
0.303951 -0.240778
-0.082227 0.208512
0.278968 -0.206410
-0.107329 0.231758
0.345517 -0.275436
-0.190573 0.317451
0.413890 -0.342667
-0.217766 0.338505
0.389056 -0.307695
-0.149909 0.259065
0.303833 -0.212113
-0.079971 0.181461
0.276348 -0.179364
-0.106089 0.203072
0.346706 -0.244067
-0.194154 0.283367
0.418769 -0.306875
-0.222220 0.302679
0.391394 -0.273543
-0.149115 0.227675
0.299944 -0.183523
-0.074048 0.154642
0.270063 -0.152598
-0.101078 0.174608
0.343953 -0.212798
-0.193619 0.249261
0.419427 -0.271009
-0.222452 0.266829
0.389624 -0.239524
-0.144392 0.196630
0.292312 -0.155495
-0.064502 0.128531
0.260162 -0.126587
-0.092347 0.146847
0.337302 -0.182120
-0.189010 0.215638
0.415901 -0.235577
-0.218509 0.231466
0.383800 -0.206136
-0.135817 0.166422
0.281029 -0.128503
-0.051434 0.103599
0.246754 -0.101800
-0.080003 0.120263
0.326858 -0.152518
-0.180427 0.182992
0.408293 -0.201082
-0.210497 0.197090
0.374044 -0.173871
-0.123525 0.137527
0.266243 -0.103010
-0.035006 0.080296
0.230005 -0.078687
-0.064214 0.095314
0.312786 -0.124458
-0.168031 0.151801
0.396765 -0.168006
-0.198585 0.164179
0.360535 -0.143200
-0.107707 0.110400
0.248164 -0.079458
-0.015437 0.059053
0.210141 -0.057675
-0.045204 0.072429
0.295310 -0.098385
-0.152042 0.122516
0.381539 -0.136807
-0.182998 0.133189
0.343511 -0.114567
-0.088614 0.085469
0.227053 -0.058256
0.007000 0.040271
0.187438 -0.039161
-0.023251 0.052012
0.274703 -0.074707
-0.132733 0.095559
0.362889 -0.107912
-0.164016 0.104543
0.323261 -0.088383
-0.066546 0.063126
0.203224 -0.039781
0.031985 0.024311
0.162223 -0.023504
0.001318 0.034425
0.251290 -0.053800
-0.110430 0.071315
0.341137 -0.081708
-0.141969 0.078626
0.300119 -0.065017
-0.041852 0.043725
0.177034 -0.024366
0.059152 0.011494
0.134866 -0.011020
0.028131 0.019990
0.225442 -0.035992
-0.085499 0.050122
0.316654 -0.058538
-0.117230 0.055775
0.274468 -0.044796
-0.014923 0.027572
0.148881 -0.012298
0.088094 0.002094
0.105775 -0.001975
0.056780 0.008976
0.197564 -0.021565
-0.058347 0.032271
0.289847 -0.038697
-0.090209 0.036280
0.246725 -0.027993
0.013819 0.014921
0.119197 -0.003812
0.118375 -0.003671
0.075389 0.003415
0.086825 0.001603
0.168099 -0.010746
-0.029415 0.017998
0.261155 -0.022426
-0.061350 0.020377
0.217336 -0.014830
0.043919 0.005972
0.088441 0.000915
0.149533 -0.005635
0.044175 0.004992
0.117799 -0.001967
0.137510 -0.003706
0.000837 0.007483
0.231044 -0.009907
-0.031120 0.008241
0.186772 -0.005468
0.074903 0.000865
0.057090 0.001761
0.181083 -0.003696
0.012614 0.002658
0.149219 -0.001635
0.106278 -0.000555
0.031922 0.000847
0.199996 -0.001266
-0.000000 -0.000009
